-,-,-,-,-,-
0.000257,-0.000968,-0.004529,0.000072,0.000022,0.000039
0.001583,-0.005557,-0.026057,0.000408,0.000134,0.000198
0.004752,-0.015316,-0.072083,0.001113,0.000385,0.000463
0.009663,-0.028249,-0.133320,0.002031,0.000708,0.000678
0.015449,-0.040844,-0.192644,0.002906,0.000933,0.000720
0.020985,-0.050629,-0.237497,0.003580,0.000910,0.000604
0.025281,-0.056710,-0.263355,0.004037,0.000620,0.000426
0.027840,-0.059462,-0.272266,0.004349,0.000208,0.000276
0.028784,-0.059920,-0.269678,0.004598,-0.000064,0.000194
0.028693,-0.059066,-0.261535,0.004847,0.000028,0.000184
0.028158,-0.057517,-0.252462,0.005135,0.000557,0.000244
0.027406,-0.055726,-0.245050,0.005479,0.001443,0.000366
0.026470,-0.054134,-0.240045,0.005855,0.002541,0.000522
0.025551,-0.053090,-0.237126,0.006164,0.003714,0.000669
0.024985,-0.052721,-0.235717,0.006234,0.004898,0.000762
0.024991,-0.052908,-0.235455,0.005901,0.006098,0.000792
0.025564,-0.053381,-0.236179,0.005153,0.007290,0.000806
0.026544,-0.053878,-0.237612,0.004169,0.008357,0.000888
0.027562,-0.054175,-0.239271,0.003261,0.009104,0.001091
0.028013,-0.054086,-0.240626,0.002773,0.009345,0.001388
0.027451,-0.053604,-0.241150,0.002955,0.009017,0.001681
0.026009,-0.052938,-0.240416,0.003873,0.008252,0.001845
0.024320,-0.052416,-0.238353,0.005389,0.007311,0.001776
0.023171,-0.052373,-0.235270,0.007222,0.006446,0.001437
0.023178,-0.052869,-0.231544,0.009035,0.005797,0.000891
0.024621,-0.053556,-0.227417,0.010525,0.005356,0.000305
0.027443,-0.054077,-0.223070,0.011487,0.005007,-0.000117
0.031389,-0.054442,-0.218755,0.011804,0.004606,-0.000181
0.035961,-0.054855,-0.214794,0.011425,0.004094,0.000224
0.040142,-0.055388,-0.211445,0.010402,0.003579,0.001057
0.042563,-0.055955,-0.208735,0.008902,0.003280,0.002169
0.042287,-0.056415,-0.206467,0.007170,0.003366,0.003375
0.039418,-0.056645,-0.204328,0.005480,0.003860,0.004470
0.034857,-0.056615,-0.201943,0.004053,0.004622,0.005246
0.029662,-0.056402,-0.198959,0.003012,0.005379,0.005572
0.024649,-0.056183,-0.195168,0.002358,0.005823,0.005449
0.020330,-0.056198,-0.190554,0.001987,0.005725,0.004968
0.016969,-0.056577,-0.185238,0.001734,0.005039,0.004237
0.014727,-0.057221,-0.179452,0.001404,0.003918,0.003348
0.013797,-0.057951,-0.173625,0.000795,0.002621,0.002386
0.014453,-0.058590,-0.168342,-0.000314,0.001412,0.001465
0.016779,-0.058833,-0.164046,-0.002103,0.000504,0.000723
0.020238,-0.058366,-0.160999,-0.004547,0.000012,0.000300
0.023745,-0.057123,-0.159528,-0.007421,-0.000058,0.000308
0.026117,-0.055235,-0.159841,-0.010401,0.000164,0.000764
0.026317,-0.052819,-0.161637,-0.013148,0.000442,0.001551
0.023664,-0.050098,-0.164221,-0.015375,0.000554,0.002444
0.018177,-0.047721,-0.166949,-0.016910,0.000387,0.003185
0.010793,-0.046594,-0.169420,-0.017745,-0.000063,0.003596
0.002945,-0.047297,-0.171513,-0.018023,-0.000759,0.003648
-0.004282,-0.049710,-0.173426,-0.017983,-0.001589,0.003427
-0.010388,-0.053123,-0.175686,-0.017886,-0.002351,0.003064
-0.015069,-0.056662,-0.178931,-0.017939,-0.002862,0.002663
-0.018100,-0.059451,-0.183481,-0.018234,-0.003096,0.002277
-0.019596,-0.060607,-0.189015,-0.018704,-0.003189,0.001929
-0.019953,-0.059690,-0.194524,-0.019130,-0.003373,0.001662
-0.019605,-0.057186,-0.198726,-0.019245,-0.003907,0.001537
-0.019383,-0.054215,-0.200750,-0.018894,-0.004934,0.001583
-0.020800,-0.051893,-0.200620,-0.018143,-0.006360,0.001738
-0.025131,-0.051012,-0.199326,-0.017322,-0.007840,0.001820
-0.032286,-0.051898,-0.198529,-0.016934,-0.008904,0.001544
-0.040740,-0.054214,-0.200072,-0.017415,-0.009223,0.000669
-0.048206,-0.057057,-0.205422,-0.018910,-0.008778,-0.000874
-0.052444,-0.059386,-0.214947,-0.021175,-0.007828,-0.002952
-0.051908,-0.060297,-0.227552,-0.023619,-0.006786,-0.005270
-0.046269,-0.059090,-0.241131,-0.025437,-0.006090,-0.007457
-0.036596,-0.055473,-0.253191,-0.025698,-0.006155,-0.009119
-0.025215,-0.050050,-0.261363,-0.023658,-0.007265,-0.009952
-0.015278,-0.044664,-0.263969,-0.019387,-0.009387,-0.009893
-0.009693,-0.041497,-0.260591,-0.013961,-0.012129,-0.009167
-0.009811,-0.041391,-0.252522,-0.008916,-0.014925,-0.008171
-0.014928,-0.043568,-0.242562,-0.005535,-0.017240,-0.007337
-0.023075,-0.046739,-0.233963,-0.004416,-0.018812,-0.007015
-0.032313,-0.049766,-0.229297,-0.005423,-0.019765,-0.007393
-0.041160,-0.051867,-0.229735,-0.007893,-0.020419,-0.008490
-0.048273,-0.052728,-0.234875,-0.010902,-0.021008,-0.010203
-0.052509,-0.052153,-0.242937,-0.013535,-0.021533,-0.012326
-0.053386,-0.049869,-0.251308,-0.015082,-0.021757,-0.014577
-0.051179,-0.046132,-0.257594,-0.015312,-0.021371,-0.016682
-0.046812,-0.041921,-0.260452,-0.014716,-0.020178,-0.018418
-0.041880,-0.038193,-0.259924,-0.014274,-0.018175,-0.019643
-0.038066,-0.035530,-0.257555,-0.014898,-0.015538,-0.020350
-0.036141,-0.034146,-0.255912,-0.017055,-0.012517,-0.020686
-0.035829,-0.033567,-0.257391,-0.020631,-0.009370,-0.020845
-0.036443,-0.032766,-0.263286,-0.024986,-0.006390,-0.020956
-0.037487,-0.030957,-0.273414,-0.029202,-0.003971,-0.021073
-0.038968,-0.028059,-0.286230,-0.032427,-0.002622,-0.021237
-0.041499,-0.024394,-0.299567,-0.034227,-0.002758,-0.021531
-0.045920,-0.020167,-0.311571,-0.034744,-0.004381,-0.022099
-0.052360,-0.015258,-0.321357,-0.034568,-0.006899,-0.023110
-0.059906,-0.009429,-0.329219,-0.034450,-0.009254,-0.024688
-0.067072,-0.002738,-0.336415,-0.035019,-0.010366,-0.026857
-0.072048,0.004496,-0.345074,-0.036619,-0.009440,-0.029572
-0.073116,0.012144,-0.357523,-0.039161,-0.006132,-0.032752
-0.069359,0.020441,-0.374707,-0.041976,-0.000753,-0.036218
-0.060808,0.029774,-0.395612,-0.043966,0.005860,-0.039720
-0.047987,0.040139,-0.417825,-0.043974,0.012632,-0.042999
-0.031514,0.050828,-0.438290,-0.041117,0.018433,-0.045783
-0.012402,0.060454,-0.453996,-0.035123,0.022241,-0.047808
0.007464,0.067289,-0.462477,-0.026494,0.023348,-0.048921
0.025595,0.070487,-0.462415,-0.016352,0.021621,-0.049164
0.039824,0.070861,-0.454027,-0.006057,0.017615,-0.048750
0.049242,0.069996,-0.439078,0.003188,0.012392,-0.047960
0.054357,0.069024,-0.420481,0.010558,0.007188,-0.047047
0.056492,0.068347,-0.401483,0.015696,0.003099,-0.046171
0.057237,0.068043,-0.384763,0.018753,0.000983,-0.045355
0.058175,0.068170,-0.371700,0.020322,0.001331,-0.044510
0.060348,0.068637,-0.362070,0.021203,0.003985,-0.043501
0.063758,0.069078,-0.354405,0.022096,0.008139,-0.042193
0.067482,0.068965,-0.347014,0.023348,0.012673,-0.040505
0.070147,0.067880,-0.339031,0.024917,0.016521,-0.038449
0.070592,0.065802,-0.330684,0.026578,0.018992,-0.036196
0.068473,0.062974,-0.322841,0.028103,0.019900,-0.034139
0.064349,0.059754,-0.316340,0.029327,0.019463,-0.032714
0.059440,0.056747,-0.311668,0.030244,0.018117,-0.032127
0.055775,0.054500,-0.308819,0.031088,0.016308,-0.032278
0.056011,0.053056,-0.306956,0.032339,0.014267,-0.032809
0.061868,0.052236,-0.304403,0.034533,0.012007,-0.033224
0.072531,0.051819,-0.299471,0.037946,0.009592,-0.033024
0.084879,0.050920,-0.291241,0.042461,0.007305,-0.031878
0.094827,0.048243,-0.279766,0.047539,0.005615,-0.029756
0.098908,0.043371,-0.266057,0.052368,0.005077,-0.026936
0.096092,0.036989,-0.251953,0.056192,0.006040,-0.023913
0.088301,0.030003,-0.239627,0.058546,0.008369,-0.021253
0.078877,0.022990,-0.230743,0.059333,0.011481,-0.019376
0.070813,0.016406,-0.225871,0.058791,0.014613,-0.018406
0.065886,0.010915,-0.224313,0.057402,0.017094,-0.018186
0.064476,0.007161,-0.224286,0.055784,0.018501,-0.018389
-,-,-,-,-,-
0.001453,-0.000080,-0.003660,0.001020,0.000256,-0.000318
0.008532,-0.000736,-0.020764,0.005817,0.001428,-0.001812
0.024215,-0.003074,-0.056431,0.015859,0.003769,-0.004961
0.046127,-0.008312,-0.102107,0.028467,0.006493,-0.009030
0.068696,-0.016924,-0.143823,0.038815,0.008448,-0.012708
0.087000,-0.027722,-0.172549,0.043254,0.009044,-0.015022
0.098531,-0.037916,-0.186483,0.040671,0.008504,-0.015640
0.103306,-0.044619,-0.188893,0.032351,0.007531,-0.014778
0.102868,-0.046261,-0.184916,0.021017,0.006841,-0.012930
0.099208,-0.042871,-0.179250,0.009699,0.006942,-0.010630
0.093998,-0.035524,-0.175197,0.000927,0.008132,-0.008308
0.088549,-0.026085,-0.174656,-0.003684,0.010566,-0.006223
0.084373,-0.017490,-0.178174,-0.003601,0.014251,-0.004434
0.082844,-0.012931,-0.184621,0.000438,0.018858,-0.002864
0.084083,-0.013908,-0.191308,0.006564,0.023621,-0.001397
0.086964,-0.019249,-0.195364,0.012652,0.027637,0.000063
0.090304,-0.026374,-0.195335,0.017260,0.030271,0.001524
0.093656,-0.033183,-0.191505,0.019938,0.031287,0.002923
0.097057,-0.038594,-0.185161,0.020954,0.030748,0.004222
0.100517,-0.042192,-0.177854,0.020870,0.028865,0.005451
0.103853,-0.044040,-0.170863,0.020274,0.025954,0.006673
0.106772,-0.044494,-0.164816,0.019644,0.022425,0.007929
0.108989,-0.043954,-0.159642,0.019296,0.018747,0.009238
0.110198,-0.042867,-0.154992,0.019363,0.015389,0.010618
0.110147,-0.041777,-0.150820,0.019796,0.012760,0.012095
0.108780,-0.041226,-0.147500,0.020401,0.011147,0.013662
0.106322,-0.041707,-0.145507,0.020908,0.010649,0.015231
0.103391,-0.043567,-0.145206,0.021061,0.011168,0.016663
0.100954,-0.046706,-0.146719,0.020688,0.012463,0.017869
0.099944,-0.050542,-0.149765,0.019779,0.014190,0.018846
0.100854,-0.054389,-0.153699,0.018441,0.016001,0.019657
0.103431,-0.057659,-0.157619,0.016827,0.017717,0.020394
0.106748,-0.059837,-0.160535,0.015077,0.019438,0.021137
0.109768,-0.060603,-0.161766,0.013247,0.021470,0.021948
0.111796,-0.059965,-0.161346,0.011269,0.024130,0.022894
0.112672,-0.058370,-0.160310,0.008969,0.027457,0.024017
0.112866,-0.056692,-0.160645,0.006131,0.031003,0.025290
0.113203,-0.055739,-0.164524,0.002629,0.033821,0.026635
0.114299,-0.055742,-0.173314,-0.001469,0.034726,0.027992
0.116105,-0.056344,-0.186862,-0.005834,0.032813,0.029380
0.117631,-0.056800,-0.203425,-0.009836,0.027788,0.030922
0.117290,-0.056265,-0.220142,-0.012673,0.020111,0.032733
0.114011,-0.054147,-0.233376,-0.013640,0.011147,0.034754
0.107845,-0.050283,-0.239421,-0.012356,0.002813,0.036749
0.099503,-0.045124,-0.235819,-0.008918,-0.003103,0.038469
0.089850,-0.039826,-0.222245,-0.003913,-0.005358,0.039767
0.079937,-0.035971,-0.200877,0.001656,-0.003494,0.040596
0.070896,-0.034978,-0.176091,0.006519,0.002111,0.040978
0.063499,-0.037469,-0.153252,0.009409,0.010202,0.041020
0.057975,-0.043038,-0.137186,0.009372,0.018769,0.040915
0.054098,-0.050217,-0.130580,0.006097,0.025564,0.040815
0.051256,-0.056823,-0.133192,0.000067,0.028763,0.040722
0.048695,-0.060933,-0.142397,-0.007529,0.027597,0.040551
0.045945,-0.061448,-0.154413,-0.015045,0.022626,0.040270
0.042942,-0.058063,-0.165521,-0.020861,0.015503,0.039958
0.039691,-0.051334,-0.172750,-0.023842,0.008455,0.039732
0.035786,-0.042692,-0.174201,-0.023577,0.003524,0.039647
0.030448,-0.034407,-0.169513,-0.020479,0.001922,0.039643
0.023155,-0.029150,-0.160058,-0.015673,0.003865,0.039553
0.014298,-0.028590,-0.148665,-0.010669,0.008674,0.039176
0.005272,-0.032387,-0.138966,-0.006948,0.014981,0.038370
-0.002317,-0.038713,-0.134088,-0.005508,0.020991,0.037152
-0.007477,-0.045377,-0.135389,-0.006593,0.024897,0.035708
-0.009779,-0.050549,-0.141852,-0.009694,0.025512,0.034275
-0.009034,-0.053037,-0.150498,-0.013789,0.022641,0.033041
-0.005611,-0.052427,-0.157898,-0.017715,0.017027,0.032142
-0.000849,-0.049232,-0.161712,-0.020510,0.010051,0.031672
0.003305,-0.044724,-0.161381,-0.021691,0.003309,0.031659
0.004929,-0.040379,-0.157983,-0.021409,-0.001843,0.032020
0.002443,-0.037572,-0.153569,-0.020311,-0.004724,0.032556
-0.004673,-0.037484,-0.150541,-0.019224,-0.005525,0.033013
-0.015165,-0.040598,-0.151002,-0.018874,-0.005162,0.033163
-0.026598,-0.046116,-0.156051,-0.019641,-0.004855,0.032872
-0.036637,-0.052241,-0.165489,-0.021464,-0.005698,0.032107
-0.043638,-0.057211,-0.177650,-0.023878,-0.008237,0.030926
-0.046677,-0.059913,-0.189716,-0.026158,-0.012273,0.029462
-0.045674,-0.059918,-0.198865,-0.027567,-0.016984,0.027886
-0.041339,-0.057544,-0.203294,-0.027608,-0.021264,0.026381
-0.035118,-0.053974,-0.202803,-0.026228,-0.024187,0.025132
-0.029163,-0.050954,-0.198948,-0.023898,-0.025318,0.024294
-0.025637,-0.049855,-0.194282,-0.021461,-0.024791,0.023938
-0.025859,-0.051177,-0.191203,-0.019775,-0.023219,0.023979
-0.029941,-0.054731,-0.191269,-0.019346,-0.021371,0.024163
-0.036512,-0.059561,-0.194690,-0.020162,-0.019821,0.024193
-0.043088,-0.063993,-0.200139,-0.021758,-0.018824,0.023892
-0.047407,-0.066648,-0.205556,-0.023466,-0.018383,0.023266
-0.048553,-0.067367,-0.209277,-0.024696,-0.018353,0.022456
-0.047301,-0.066931,-0.210513,-0.025176,-0.018498,0.021619
-0.045592,-0.066310,-0.209252,-0.025004,-0.018502,0.020800
-0.044958,-0.066301,-0.206311,-0.024544,-0.018027,0.019894
-0.045319,-0.067345,-0.203310,-0.024275,-0.016841,0.018741
-0.045596,-0.069258,-0.202026,-0.024629,-0.014939,0.017259
-0.044872,-0.071134,-0.203874,-0.025894,-0.012532,0.015499
-0.042701,-0.071879,-0.209624,-0.028113,-0.010004,0.013624
-0.039168,-0.070832,-0.218964,-0.030985,-0.007876,0.011885
-0.034914,-0.067910,-0.230585,-0.033937,-0.006680,0.010542
-0.030864,-0.063568,-0.242650,-0.036339,-0.006739,0.009746
-0.027848,-0.058635,-0.253290,-0.037642,-0.008070,0.009494
-0.026513,-0.053973,-0.261266,-0.037516,-0.010438,0.009649
-0.027338,-0.050308,-0.266405,-0.035926,-0.013513,0.009984
-0.030571,-0.048075,-0.269275,-0.033144,-0.017002,0.010247
-0.036236,-0.047150,-0.270502,-0.029675,-0.020663,0.010216
-0.043907,-0.047033,-0.270509,-0.026118,-0.024189,0.009701
-0.052313,-0.047399,-0.269660,-0.023072,-0.027105,0.008575
-0.059533,-0.048044,-0.268403,-0.021052,-0.028845,0.006831
-0.063478,-0.048425,-0.267398,-0.020452,-0.028874,0.004591
-0.062452,-0.047794,-0.267543,-0.021426,-0.026932,0.002095
-0.056264,-0.045795,-0.269494,-0.023689,-0.023396,-0.000277
-0.046819,-0.042566,-0.273187,-0.026551,-0.019218,-0.002085
-0.037252,-0.038631,-0.278040,-0.029182,-0.015502,-0.003057
-0.030621,-0.034761,-0.283404,-0.030899,-0.013127,-0.003206
-0.028988,-0.031534,-0.288723,-0.031380,-0.012526,-0.002785
-0.032872,-0.029113,-0.293622,-0.030723,-0.013623,-0.002185
-0.041106,-0.027355,-0.298214,-0.029336,-0.015952,-0.001799
-0.051288,-0.025941,-0.303232,-0.027724,-0.018852,-0.001902
-0.060661,-0.024530,-0.309404,-0.026251,-0.021671,-0.002577
-0.066947,-0.022949,-0.316632,-0.024985,-0.023914,-0.003708
-0.069055,-0.021255,-0.323758,-0.023692,-0.025351,-0.005053
-0.067444,-0.019663,-0.328692,-0.021875,-0.026059,-0.006344
-0.064077,-0.018458,-0.329148,-0.019017,-0.026373,-0.007366
-0.061803,-0.018080,-0.324095,-0.015033,-0.026682,-0.008031
-0.063020,-0.019011,-0.314444,-0.010446,-0.027211,-0.008407
-0.068426,-0.021140,-0.302336,-0.006177,-0.027965,-0.008659
-0.076758,-0.023678,-0.290140,-0.003228,-0.028837,-0.008954
-0.085606,-0.026038,-0.279886,-0.002283,-0.029758,-0.009401
-0.092658,-0.028265,-0.273045,-0.003473,-0.030767,-0.010033
-0.096895,-0.030721,-0.270208,-0.006386,-0.031950,-0.010846
-0.099109,-0.033801,-0.270948,-0.010250,-0.033283,-0.011876
-,-,-,-,-,-
-0.002077,-0.000499,-0.005376,-0.000391,-0.000499,-0.000392
-0.011864,-0.002785,-0.031115,-0.002261,-0.002784,-0.002298
-0.032221,-0.007361,-0.086888,-0.006274,-0.007269,-0.006533
-0.057483,-0.012772,-0.162702,-0.011565,-0.012180,-0.012528
-0.078452,-0.017058,-0.238243,-0.016452,-0.015146,-0.018853
-0.089711,-0.019443,-0.297114,-0.019653,-0.015152,-0.024178
-0.091545,-0.020418,-0.332091,-0.020779,-0.012765,-0.027752
-0.087987,-0.020946,-0.344975,-0.020281,-0.009388,-0.029530
-0.083755,-0.021739,-0.343367,-0.019070,-0.006454,-0.029996
-0.081719,-0.022693,-0.336295,-0.017943,-0.004804,-0.029870
-0.082021,-0.022894,-0.330701,-0.017175,-0.004479,-0.029841
-0.082832,-0.021522,-0.329777,-0.016561,-0.004925,-0.030345
-0.081636,-0.018567,-0.333142,-0.015719,-0.005384,-0.031442
-0.076637,-0.014695,-0.338264,-0.014388,-0.005269,-0.032835
-0.067753,-0.010835,-0.342103,-0.012587,-0.004378,-0.034018
-0.056981,-0.007960,-0.342669,-0.010609,-0.002872,-0.034514
-0.048331,-0.006841,-0.340327,-0.009007,-0.001137,-0.034088
-0.046194,-0.007474,-0.337766,-0.008381,0.000382,-0.032847
-0.052769,-0.008960,-0.338292,-0.008925,0.001328,-0.031276
-0.067033,-0.010340,-0.344009,-0.010169,0.001547,-0.030093
-0.085104,-0.011040,-0.354707,-0.011190,0.001145,-0.029966
-0.101444,-0.010549,-0.367691,-0.011009,0.000411,-0.031281
-0.111197,-0.008643,-0.378922,-0.009061,-0.000344,-0.034025
-0.112090,-0.005796,-0.384685,-0.005520,-0.000901,-0.037786
-0.104589,-0.002791,-0.383107,-0.001238,-0.001083,-0.041914
-0.090640,-0.000150,-0.374887,0.002632,-0.000681,-0.045726
-0.072395,0.002114,-0.362850,0.005125,0.000503,-0.048669
-0.051954,0.004528,-0.350664,0.005802,0.002594,-0.050373
-0.031614,0.007668,-0.341379,0.004850,0.005626,-0.050701
-0.013889,0.011501,-0.336552,0.002959,0.009538,-0.049736
-0.001217,0.015435,-0.336061,0.000991,0.014108,-0.047767
0.004915,0.018766,-0.338483,-0.000347,0.018870,-0.045338
0.005123,0.020995,-0.341989,-0.000690,0.023239,-0.043148
0.001948,0.022226,-0.345291,-0.000040,0.026679,-0.041743
-0.001633,0.023242,-0.348049,0.001349,0.028784,-0.041314
-0.003468,0.024888,-0.350476,0.003225,0.029423,-0.041722
-0.002509,0.027527,-0.352659,0.005536,0.028861,-0.042638
0.001602,0.030899,-0.354066,0.008377,0.027655,-0.043681
0.008985,0.034189,-0.353418,0.011815,0.026414,-0.044519
0.019538,0.036602,-0.349123,0.015812,0.025583,-0.044907
0.032803,0.037963,-0.339861,0.020222,0.025307,-0.044700
0.047902,0.038405,-0.325002,0.024754,0.025409,-0.043810
0.063327,0.037788,-0.304579,0.028926,0.025494,-0.042139
0.076792,0.035871,-0.279594,0.032153,0.025209,-0.039634
0.085383,0.032694,-0.253059,0.033867,0.024367,-0.036468
0.086207,0.028497,-0.229621,0.033661,0.022867,-0.033067
0.078057,0.023648,-0.213518,0.031585,0.020825,-0.030016
0.062990,0.018917,-0.206815,0.028323,0.018745,-0.027933
0.046077,0.015310,-0.208604,0.024976,0.017321,-0.027208
0.033334,0.013573,-0.215556,0.022587,0.017031,-0.027786
0.029119,0.013799,-0.223751,0.021762,0.017889,-0.029160
0.034883,0.014978,-0.230264,0.022580,0.019515,-0.030614
0.049241,0.015588,-0.233830,0.024594,0.021364,-0.031498
0.068568,0.014832,-0.234658,0.026955,0.022903,-0.031358
0.088121,0.012724,-0.233470,0.028810,0.023761,-0.029974
0.103222,0.009498,-0.230586,0.029563,0.023796,-0.027327
0.110384,0.005267,-0.225981,0.028918,0.023040,-0.023576
0.108289,0.000189,-0.220208,0.026905,0.021728,-0.019184
0.098053,-0.005095,-0.215006,0.023853,0.020291,-0.014838
0.082649,-0.009719,-0.212724,0.020336,0.019119,-0.011165
0.065533,-0.013240,-0.215070,0.017111,0.018403,-0.008553
0.049570,-0.015671,-0.222072,0.014935,0.018152,-0.007116
0.037087,-0.017258,-0.231992,0.014372,0.018254,-0.006751
0.029859,-0.018501,-0.241838,0.015647,0.018425,-0.007178
0.028554,-0.020032,-0.248091,0.018579,0.018256,-0.008006
0.032499,-0.022066,-0.248029,0.022625,0.017464,-0.008806
0.040161,-0.024073,-0.240823,0.027070,0.016132,-0.009181
0.049638,-0.025514,-0.227449,0.031243,0.014705,-0.008882
0.058741,-0.026716,-0.209764,0.034549,0.013895,-0.007877
0.065382,-0.028710,-0.189889,0.036455,0.014449,-0.006325
0.068491,-0.032292,-0.170446,0.036558,0.016798,-0.004542
0.068618,-0.037362,-0.154409,0.034651,0.020897,-0.002868
0.067443,-0.043140,-0.144225,0.030784,0.026257,-0.001534
0.066703,-0.048707,-0.141281,0.025273,0.032101,-0.000596
0.067619,-0.053240,-0.145734,0.018725,0.037529,0.000045
0.070711,-0.056042,-0.156533,0.012001,0.041629,0.000584
0.075556,-0.056766,-0.171517,0.006067,0.043707,0.001232
0.080915,-0.055643,-0.187713,0.001790,0.043518,0.002146
0.085505,-0.053333,-0.201963,-0.000256,0.041369,0.003374
0.088636,-0.050624,-0.211651,0.000083,0.037993,0.004841
0.090144,-0.048266,-0.215392,0.002483,0.034267,0.006391
0.090055,-0.047052,-0.213296,0.006190,0.030941,0.007839
0.088674,-0.047650,-0.206749,0.010219,0.028506,0.009036
0.086629,-0.049976,-0.198059,0.013574,0.027127,0.009908
0.084427,-0.053108,-0.189731,0.015508,0.026662,0.010490
0.082367,-0.056042,-0.183676,0.015729,0.026807,0.010884
0.080981,-0.058184,-0.180944,0.014410,0.027272,0.011195
0.080810,-0.059293,-0.181633,0.012061,0.027838,0.011505
0.081755,-0.059413,-0.184841,0.009371,0.028356,0.011871
0.083518,-0.058742,-0.188882,0.007040,0.028820,0.012289
0.086607,-0.057478,-0.191713,0.005629,0.029396,0.012711
0.091946,-0.055923,-0.191592,0.005391,0.030293,0.013142
0.099663,-0.054546,-0.187712,0.006187,0.031611,0.013713
0.108614,-0.053893,-0.180582,0.007508,0.033252,0.014602
0.116468,-0.054492,-0.171945,0.008570,0.034899,0.015903
0.120597,-0.056604,-0.164186,0.008602,0.036122,0.017546
0.119706,-0.059810,-0.159715,0.007235,0.036495,0.019257
0.114522,-0.063017,-0.160194,0.004628,0.035658,0.020665
0.107177,-0.065008,-0.165548,0.001403,0.033475,0.021483
0.100506,-0.064981,-0.173791,-0.001537,0.030197,0.021610
0.097463,-0.062653,-0.181813,-0.003303,0.026488,0.021179
0.100272,-0.058158,-0.186374,-0.003320,0.023237,0.020555
0.109146,-0.052231,-0.185107,-0.001544,0.021220,0.020223
0.121730,-0.046307,-0.177143,0.001494,0.020881,0.020633
0.134248,-0.041907,-0.163522,0.004822,0.022264,0.022033
0.143075,-0.039940,-0.146945,0.007213,0.025036,0.024428
0.145606,-0.040430,-0.130575,0.007554,0.028587,0.027597
0.140946,-0.042533,-0.117049,0.005323,0.032192,0.031053
0.130415,-0.044882,-0.108074,0.000728,0.035236,0.034124
0.117185,-0.046183,-0.104349,-0.005460,0.037280,0.036234
0.104991,-0.045640,-0.105754,-0.012160,0.037945,0.037149
0.096474,-0.043179,-0.111602,-0.018313,0.036902,0.037079
0.092196,-0.039417,-0.120952,-0.023140,0.033963,0.036565
0.090792,-0.035340,-0.132807,-0.026271,0.029273,0.036191
0.090013,-0.031835,-0.145986,-0.027707,0.023377,0.036331
0.087832,-0.029140,-0.158692,-0.027648,0.017083,0.037081
0.083019,-0.026699,-0.168364,-0.026297,0.011265,0.038297
0.075500,-0.023843,-0.172418,-0.023859,0.006779,0.039703
0.066191,-0.020570,-0.169095,-0.020688,0.004525,0.041008
0.056084,-0.017623,-0.158180,-0.017408,0.005260,0.041990
0.045890,-0.016062,-0.141812,-0.014944,0.009138,0.042470
0.036361,-0.016761,-0.124192,-0.014290,0.015528,0.042295
0.028448,-0.019875,-0.110294,-0.016125,0.023046,0.041423
0.023063,-0.024743,-0.104543,-0.020568,0.029746,0.039993
0.020394,-0.030062,-0.109260,-0.027077,0.033661,0.038298
0.019539,-0.034078,-0.123711,-0.034520,0.033445,0.036674
0.019014,-0.035286,-0.144379,-0.041412,0.028936,0.035370
0.017548,-0.033134,-0.166146,-0.046252,0.021289,0.034452
-,-,-,-,-,-
0.000044,-0.000228,-0.003253,-0.000536,0.000004,0.000573
0.000304,-0.001356,-0.018586,-0.003011,0.000071,0.003285
0.000851,-0.004082,-0.050727,-0.008026,0.000416,0.009033
0.001149,-0.008778,-0.091829,-0.014114,0.001375,0.016509
0.000400,-0.015547,-0.128979,-0.019293,0.003076,0.023388
-0.001264,-0.024028,-0.154122,-0.022743,0.005032,0.028017
-0.002721,-0.033290,-0.166117,-0.024858,0.006164,0.029910
-0.003218,-0.042083,-0.168599,-0.026537,0.005385,0.029507
-0.003026,-0.049197,-0.167037,-0.028528,0.002204,0.027670
-0.002621,-0.053655,-0.166222,-0.031084,-0.003034,0.025259
-0.002028,-0.054732,-0.168761,-0.033889,-0.009340,0.022918
-0.001190,-0.052251,-0.174815,-0.036246,-0.015540,0.021027
-0.000323,-0.046953,-0.182716,-0.037399,-0.020652,0.019738
0.000295,-0.040480,-0.190021,-0.036909,-0.024049,0.019026
0.000459,-0.034831,-0.194499,-0.034860,-0.025505,0.018752
-0.000026,-0.031557,-0.194989,-0.031814,-0.025188,0.018704
-0.001344,-0.031534,-0.192033,-0.028693,-0.023580,0.018617
-0.003588,-0.034958,-0.187771,-0.026551,-0.021291,0.018242
-0.006422,-0.040841,-0.185004,-0.026175,-0.018926,0.017447
-0.008838,-0.047084,-0.186099,-0.027762,-0.017046,0.016253
-0.009789,-0.051525,-0.192064,-0.030824,-0.016171,0.014813
-0.008967,-0.052817,-0.202185,-0.034363,-0.016711,0.013360
-0.006758,-0.050806,-0.214555,-0.037256,-0.018708,0.012117
-0.003818,-0.046328,-0.226915,-0.038633,-0.021710,0.011246
-0.000824,-0.040588,-0.237214,-0.038109,-0.024976,0.010837
0.001644,-0.034837,-0.243971,-0.035807,-0.027809,0.010919
0.002980,-0.030197,-0.246618,-0.032245,-0.029820,0.011451
0.002449,-0.027360,-0.245480,-0.028184,-0.030993,0.012290
-0.000525,-0.026530,-0.241582,-0.024462,-0.031551,0.013180
-0.006160,-0.027731,-0.236714,-0.021922,-0.031747,0.013757
-0.014208,-0.030844,-0.233246,-0.021271,-0.031708,0.013646
-0.023564,-0.035056,-0.233310,-0.022805,-0.031343,0.012621
-0.032104,-0.038678,-0.237964,-0.026259,-0.030372,0.010641
-0.037282,-0.040015,-0.246910,-0.030850,-0.028588,0.007896
-0.037224,-0.038373,-0.258802,-0.035465,-0.026121,0.004813
-0.031686,-0.034217,-0.271814,-0.039004,-0.023424,0.001921
-0.022134,-0.028671,-0.284195,-0.040702,-0.021106,-0.000316
-0.011181,-0.022958,-0.294572,-0.040292,-0.019692,-0.001628
-0.001813,-0.018085,-0.301967,-0.037994,-0.019453,-0.001997
0.003644,-0.014793,-0.305887,-0.034421,-0.020404,-0.001642
0.004159,-0.013460,-0.306427,-0.030416,-0.022399,-0.000930
-0.000085,-0.013837,-0.304340,-0.026804,-0.025137,-0.000269
-0.007796,-0.015026,-0.301241,-0.024201,-0.028104,-0.000035
-0.016666,-0.015911,-0.299226,-0.022940,-0.030641,-0.000462
-0.024188,-0.015751,-0.299741,-0.022986,-0.032133,-0.001523
-0.028671,-0.014473,-0.302948,-0.023934,-0.032206,-0.002975
-0.029750,-0.012514,-0.308227,-0.025151,-0.030899,-0.004509
-0.028527,-0.010482,-0.314890,-0.026014,-0.028691,-0.005860
-0.027027,-0.008710,-0.322259,-0.026117,-0.026265,-0.006918
-0.027027,-0.007090,-0.329528,-0.025319,-0.024225,-0.007748
-0.029014,-0.005235,-0.335713,-0.023645,-0.022925,-0.008498
-0.032067,-0.002649,-0.339733,-0.021165,-0.022438,-0.009275
-0.034603,0.000737,-0.340868,-0.018002,-0.022631,-0.010080
-0.035310,0.004111,-0.339130,-0.014387,-0.023284,-0.010785
-0.033990,0.006202,-0.334914,-0.010675,-0.024173,-0.011223
-0.031911,0.005980,-0.328398,-0.007244,-0.025093,-0.011287
-0.031053,0.003132,-0.319722,-0.004363,-0.025890,-0.010988
-0.033045,-0.001628,-0.309392,-0.002166,-0.026470,-0.010499
-0.038807,-0.006778,-0.297967,-0.000679,-0.026799,-0.010131
-0.048225,-0.010804,-0.285844,0.000132,-0.026841,-0.010236
-0.059900,-0.013130,-0.273519,0.000255,-0.026514,-0.011107
-0.071561,-0.014225,-0.262050,-0.000452,-0.025666,-0.012918
-0.080517,-0.014824,-0.253451,-0.002300,-0.024070,-0.015685
-0.084136,-0.015245,-0.250528,-0.005660,-0.021527,-0.019201
-0.080739,-0.015280,-0.256024,-0.010753,-0.017989,-0.023018
-0.070268,-0.014211,-0.271080,-0.017314,-0.013593,-0.026553
-0.054125,-0.011059,-0.294241,-0.024395,-0.008653,-0.029214
-0.034982,-0.005471,-0.321846,-0.030546,-0.003702,-0.030556
-0.016750,0.001661,-0.349281,-0.034221,0.000516,-0.030412
-0.003716,0.008522,-0.372471,-0.034234,0.003230,-0.028984
0.000667,0.012830,-0.388416,-0.029975,0.003766,-0.026830
-0.005020,0.012708,-0.394823,-0.021759,0.001765,-0.024718
-0.019058,0.008172,-0.390488,-0.011207,-0.002407,-0.023424
-0.036911,0.001157,-0.376446,-0.000686,-0.007559,-0.023515
-0.053188,-0.006194,-0.356434,0.007666,-0.012094,-0.025149
-0.063867,-0.012537,-0.335921,0.012395,-0.014555,-0.028062
-0.067335,-0.017033,-0.320548,0.012900,-0.014071,-0.031705
-0.063725,-0.018877,-0.315052,0.009491,-0.010517,-0.035428
-0.053922,-0.017248,-0.322127,0.003489,-0.004555,-0.038580
-0.039624,-0.011916,-0.341251,-0.002904,0.002466,-0.040581
-0.023919,-0.004191,-0.368047,-0.007304,0.008924,-0.041125
-0.010765,0.003151,-0.395233,-0.008018,0.013434,-0.040343
-0.003187,0.007521,-0.415585,-0.004695,0.015162,-0.038730
-0.002067,0.007999,-0.424584,0.001642,0.013775,-0.036932
-0.006269,0.005359,-0.421670,0.009248,0.009349,-0.035505
-0.013531,0.001318,-0.410080,0.016407,0.002469,-0.034782
-0.021584,-0.002426,-0.394822,0.021999,-0.005876,-0.034907
-0.028737,-0.004912,-0.380191,0.025749,-0.014465,-0.035912
-0.033974,-0.005846,-0.368506,0.028047,-0.021976,-0.037738
-0.037171,-0.005372,-0.360089,0.029455,-0.027244,-0.040186
-0.039002,-0.004135,-0.353997,0.030303,-0.029463,-0.042925
-0.040104,-0.002934,-0.348978,0.030620,-0.028277,-0.045607
-0.040506,-0.002108,-0.344184,0.030283,-0.023846,-0.047978
-0.039857,-0.001612,-0.339640,0.029182,-0.016945,-0.049897
-0.037764,-0.001385,-0.336410,0.027303,-0.008901,-0.051323
-0.034133,-0.001101,-0.336050,0.024836,-0.001211,-0.052287
-0.029293,-0.000106,-0.339570,0.022304,0.004912,-0.052905
-0.023474,0.001936,-0.346361,0.020503,0.008854,-0.053384
-0.016294,0.004918,-0.353672,0.020149,0.010548,-0.053930
-0.007052,0.008573,-0.357440,0.021539,0.010222,-0.054614
0.004537,0.012237,-0.354219,0.024380,0.008431,-0.055321
0.017945,0.015051,-0.342806,0.027852,0.006149,-0.055784
0.031950,0.016699,-0.325098,0.031000,0.004610,-0.055677
0.045308,0.017224,-0.305698,0.033175,0.004929,-0.054773
0.057056,0.016589,-0.289253,0.034130,0.007528,-0.053076
0.066229,0.014887,-0.277737,0.033864,0.011877,-0.050805
0.072311,0.012543,-0.270360,0.032461,0.016855,-0.048267
0.075526,0.010346,-0.265263,0.029969,0.021271,-0.045759
0.076213,0.009276,-0.261335,0.026535,0.024313,-0.043501
0.074939,0.009877,-0.258911,0.022720,0.025874,-0.041628
0.073029,0.011777,-0.258686,0.019461,0.026512,-0.040212
0.072194,0.014093,-0.260346,0.017616,0.027036,-0.039219
0.074089,0.016066,-0.262619,0.017559,0.028033,-0.038458
0.079882,0.017297,-0.264051,0.019147,0.029547,-0.037611
0.089160,0.017696,-0.263384,0.021951,0.031099,-0.036320
0.099344,0.017245,-0.259476,0.025458,0.032180,-0.034333
0.106829,0.015779,-0.251366,0.029152,0.032693,-0.031637
0.108977,0.013009,-0.238800,0.032498,0.032898,-0.028484
0.105152,0.008764,-0.222663,0.034970,0.033129,-0.025308
0.096939,0.003294,-0.204953,0.036167,0.033536,-0.022566
0.087723,-0.002744,-0.188366,0.035895,0.033947,-0.020580
0.080890,-0.008608,-0.175585,0.034220,0.033947,-0.019436
0.078166,-0.013666,-0.168864,0.031477,0.033089,-0.018968
0.079480,-0.017441,-0.169499,0.028221,0.031157,-0.018853
0.083665,-0.019857,-0.176982,0.025201,0.028380,-0.018733
0.089184,-0.021344,-0.188906,0.023197,0.025359,-0.018317
0.094386,-0.022493,-0.201721,0.022730,0.022793,-0.017445
0.097767,-0.023872,-0.211664,0.023882,0.021246,-0.016102
-,-,-,-,-,-
0.001601,-0.000736,-0.003178,0.000614,0.000479,-0.000169
0.009218,-0.004261,-0.018081,0.003522,0.002774,-0.000965
0.025486,-0.011984,-0.049021,0.009642,0.007790,-0.002639
0.047067,-0.022751,-0.087891,0.017458,0.014803,-0.004794
0.068164,-0.033996,-0.121680,0.024284,0.022313,-0.006751
0.085207,-0.043525,-0.142093,0.028069,0.029215,-0.008029
0.097632,-0.050125,-0.148000,0.028048,0.035075,-0.008460
0.106950,-0.053513,-0.144003,0.024629,0.039956,-0.008057
0.115457,-0.054138,-0.137145,0.018956,0.044002,-0.006893
0.124789,-0.052859,-0.133451,0.012537,0.046998,-0.005053
0.135092,-0.050493,-0.135963,0.006850,0.048356,-0.002600
0.144709,-0.047545,-0.144401,0.002986,0.047564,0.000431
0.150584,-0.044395,-0.156086,0.001503,0.044571,0.003965
0.150152,-0.041739,-0.167619,0.002402,0.039911,0.007761
0.143156,-0.040520,-0.176132,0.005154,0.034560,0.011367
0.131777,-0.041098,-0.179721,0.008847,0.029567,0.014323
0.119527,-0.042941,-0.177489,0.012476,0.025751,0.016381
0.109597,-0.045196,-0.169599,0.015242,0.023621,0.017555
0.103590,-0.047248,-0.157336,0.016658,0.023405,0.018063
0.101469,-0.049069,-0.143192,0.016448,0.024971,0.018199
0.102267,-0.051120,-0.130617,0.014458,0.027740,0.018210
0.104814,-0.053709,-0.123083,0.010667,0.030798,0.018260
0.108416,-0.056465,-0.123193,0.005198,0.033093,0.018486
0.112888,-0.058324,-0.131750,-0.001574,0.033759,0.019044
0.117856,-0.057980,-0.146902,-0.008757,0.032538,0.020058
0.122482,-0.054441,-0.164801,-0.015057,0.029884,0.021581
0.125837,-0.047778,-0.181326,-0.019216,0.026734,0.023566
0.127216,-0.039595,-0.193276,-0.020382,0.024162,0.025831
0.126463,-0.032373,-0.198732,-0.018524,0.023008,0.028100
0.124154,-0.028179,-0.196941,-0.014562,0.023628,0.030082
0.121072,-0.027581,-0.188387,-0.009991,0.025881,0.031564
0.117621,-0.029604,-0.174956,-0.006270,0.029307,0.032464
0.114247,-0.032800,-0.159897,-0.004340,0.033276,0.032822
0.112051,-0.036068,-0.147202,-0.004492,0.036997,0.032773
0.112300,-0.038540,-0.139820,-0.006439,0.039610,0.032517
0.115706,-0.039233,-0.137982,-0.009426,0.040414,0.032317
0.122299,-0.037330,-0.139359,-0.012444,0.039231,0.032445
0.131265,-0.032824,-0.140643,-0.014588,0.036597,0.033114
0.140832,-0.026590,-0.139092,-0.015382,0.033497,0.034467
0.148486,-0.020055,-0.133398,-0.014967,0.030904,0.036534
0.151682,-0.014688,-0.123827,-0.014047,0.029511,0.039175
0.149027,-0.011236,-0.111952,-0.013548,0.029651,0.042110
0.140978,-0.009808,-0.100182,-0.014225,0.031327,0.044990
0.129438,-0.010476,-0.091383,-0.016517,0.034092,0.047469
0.116663,-0.013068,-0.088472,-0.020547,0.036948,0.049319
0.104439,-0.016466,-0.093302,-0.026015,0.038559,0.050486
0.093901,-0.018791,-0.105560,-0.032091,0.037715,0.051056
0.085339,-0.018581,-0.122580,-0.037539,0.033870,0.051199
0.078118,-0.015568,-0.140039,-0.040983,0.027395,0.051107
0.071418,-0.010568,-0.153445,-0.041400,0.019427,0.050909
0.065207,-0.005061,-0.159730,-0.038684,0.011561,0.050666
0.060126,-0.000565,-0.158056,-0.033690,0.005279,0.050433
0.056453,0.001820,-0.149721,-0.027864,0.001392,0.050309
0.053550,0.001527,-0.137465,-0.022777,-0.000137,0.050431
0.050014,-0.001375,-0.124637,-0.019670,-0.000043,0.050873
0.043989,-0.006187,-0.114315,-0.019194,0.000611,0.051562
0.034111,-0.011712,-0.108413,-0.021322,0.000919,0.052265
0.020634,-0.016629,-0.107473,-0.025431,0.000458,0.052646
0.005436,-0.020112,-0.111165,-0.030541,-0.000795,0.052431
-0.008990,-0.022164,-0.118815,-0.035587,-0.002741,0.051544
-0.021035,-0.023389,-0.129615,-0.039643,-0.005384,0.050101
-0.030997,-0.024598,-0.142877,-0.042011,-0.008891,0.048250
-0.040184,-0.026422,-0.157950,-0.042302,-0.013359,0.046023
-0.048890,-0.028803,-0.173440,-0.040529,-0.018413,0.043369
-0.055837,-0.031078,-0.187163,-0.037074,-0.023227,0.040268
-0.059326,-0.032827,-0.197126,-0.032574,-0.026975,0.036873
-0.058385,-0.034257,-0.202301,-0.027828,-0.029216,0.033550
-0.053401,-0.035948,-0.202908,-0.023678,-0.029953,0.030697
-0.046129,-0.038620,-0.200353,-0.020888,-0.029498,0.028526
-0.038996,-0.042743,-0.197025,-0.019966,-0.028356,0.027035
-0.034295,-0.048157,-0.195821,-0.021018,-0.027131,0.026076
-0.033386,-0.053930,-0.198957,-0.023655,-0.026365,0.025402
-0.036146,-0.058600,-0.206872,-0.027020,-0.026398,0.024728
-0.041071,-0.061106,-0.218103,-0.030008,-0.027348,0.023849
-0.046195,-0.061578,-0.230076,-0.031539,-0.029167,0.022703
-0.050298,-0.061050,-0.240327,-0.030950,-0.031635,0.021328
-0.053264,-0.060680,-0.247320,-0.028386,-0.034285,0.019790
-0.055535,-0.061222,-0.250617,-0.024732,-0.036497,0.018098
-0.057204,-0.062849,-0.250652,-0.021159,-0.037705,0.016210
-0.057421,-0.065161,-0.248406,-0.018679,-0.037498,0.014130
-0.055048,-0.067423,-0.245174,-0.017885,-0.035732,0.012012
-0.049814,-0.068959,-0.242271,-0.018877,-0.032603,0.010148
-0.042621,-0.069375,-0.240591,-0.021299,-0.028603,0.008796
-0.035025,-0.068460,-0.240322,-0.024439,-0.024390,0.008033
-0.028781,-0.066210,-0.241117,-0.027450,-0.020607,0.007760
-0.025535,-0.063129,-0.242547,-0.029606,-0.017737,0.007778
-0.026187,-0.060110,-0.244298,-0.030558,-0.016019,0.007826
-0.030422,-0.057817,-0.246260,-0.030430,-0.015458,0.007588
-0.036826,-0.056391,-0.248628,-0.029690,-0.015889,0.006779
-0.043259,-0.055509,-0.251715,-0.028896,-0.017036,0.005311
-0.047474,-0.054498,-0.255696,-0.028480,-0.018576,0.003350
-0.047791,-0.052855,-0.260550,-0.028625,-0.020193,0.001224
-0.043535,-0.050613,-0.266041,-0.029279,-0.021611,-0.000678
-0.035628,-0.047937,-0.271578,-0.030188,-0.022634,-0.002001
-0.026726,-0.044694,-0.276099,-0.030908,-0.023169,-0.002546
-0.020060,-0.040889,-0.278273,-0.030896,-0.023229,-0.002373
-0.018056,-0.037369,-0.276996,-0.029722,-0.022917,-0.001800
-0.021414,-0.035415,-0.272108,-0.027422,-0.022346,-0.001280
-0.028690,-0.035542,-0.264773,-0.024682,-0.021584,-0.001266
-0.036851,-0.037046,-0.257101,-0.022585,-0.020671,-0.002049
-0.042583,-0.038574,-0.251493,-0.022149,-0.019668,-0.003613
-0.043729,-0.038843,-0.249972,-0.023869,-0.018622,-0.005643
-0.039878,-0.037161,-0.253812,-0.027492,-0.017525,-0.007668
-0.032073,-0.033811,-0.263260,-0.032106,-0.016404,-0.009241
-0.022466,-0.029765,-0.277039,-0.036383,-0.015471,-0.010072
-0.013754,-0.025698,-0.292390,-0.038963,-0.015133,-0.010071
-0.008405,-0.021684,-0.305596,-0.038857,-0.015746,-0.009351
-0.007967,-0.017791,-0.312862,-0.035671,-0.017380,-0.008207
-0.012355,-0.014573,-0.311831,-0.029826,-0.019734,-0.007035
-0.019806,-0.012846,-0.302554,-0.022608,-0.022236,-0.006211
-0.027931,-0.013016,-0.287512,-0.015864,-0.024199,-0.005975
-0.034824,-0.014687,-0.271047,-0.011489,-0.024984,-0.006367
-0.039542,-0.017007,-0.258446,-0.010840,-0.024231,-0.007254
-0.042098,-0.019215,-0.254770,-0.014327,-0.022057,-0.008416
-0.042980,-0.020647,-0.263016,-0.021190,-0.019064,-0.009639
-0.042365,-0.020309,-0.282496,-0.029464,-0.016193,-0.010753
-0.039977,-0.017130,-0.308431,-0.036435,-0.014380,-0.011604
-0.035892,-0.011230,-0.333279,-0.039534,-0.014203,-0.012043
-0.031238,-0.004560,-0.349886,-0.037223,-0.015749,-0.011987
-0.028066,0.000106,-0.354405,-0.029657,-0.018629,-0.011524
-0.028378,0.000605,-0.347119,-0.018710,-0.022096,-0.010924
-0.032819,-0.003490,-0.331485,-0.007269,-0.025245,-0.010529
-0.040274,-0.010536,-0.312433,0.001778,-0.027194,-0.010643
-0.048729,-0.017897,-0.294997,0.006443,-0.027259,-0.011411
-0.056510,-0.023533,-0.283629,0.006048,-0.025076,-0.012742
-0.063186,-0.026566,-0.281829,0.001108,-0.020702,-0.014401
-0.069564,-0.026819,-0.291629,-0.007022,-0.014646,-0.016188
-0.076569,-0.024248,-0.312238,-0.016425,-0.007725,-0.018046
-,-,-,-,-,-
-0.001551,0.000228,-0.007486,-0.000334,0.000214,-0.000535
-0.008776,0.001265,-0.043123,-0.001791,0.001183,-0.003112
-0.023637,0.003220,-0.119285,-0.004356,0.002998,-0.008768
-0.042042,0.005099,-0.220065,-0.006480,0.004705,-0.016655
-0.057432,0.005703,-0.316011,-0.006584,0.005084,-0.024891
-0.065230,0.004657,-0.385326,-0.004438,0.003537,-0.031890
-0.064288,0.002433,-0.420506,-0.001014,0.000244,-0.036847
-0.056554,0.000011,-0.426253,0.002260,-0.004042,-0.039717
-0.045438,-0.001517,-0.413667,0.004245,-0.008321,-0.040930
-0.034055,-0.001582,-0.394492,0.004510,-0.011684,-0.041059
-0.024415,-0.000371,-0.377252,0.003367,-0.013583,-0.040619
-0.017584,0.001705,-0.365895,0.001619,-0.013884,-0.039999
-0.013991,0.004259,-0.360582,0.000143,-0.012715,-0.039441
-0.013377,0.006698,-0.359434,-0.000433,-0.010292,-0.039069
-0.014773,0.008381,-0.360295,0.000100,-0.006949,-0.038920
-0.016959,0.009028,-0.361678,0.001484,-0.003292,-0.038973
-0.019078,0.008917,-0.362673,0.003162,-0.000050,-0.039183
-0.020773,0.008646,-0.362715,0.004594,0.002261,-0.039526
-0.021957,0.008649,-0.361624,0.005474,0.003517,-0.040008
-0.022420,0.009138,-0.359604,0.005782,0.003974,-0.040646
-0.021515,0.010334,-0.357046,0.005722,0.004144,-0.041436
-0.018436,0.012414,-0.354105,0.005631,0.004586,-0.042313
-0.012782,0.015413,-0.350442,0.005887,0.005737,-0.043105
-0.005016,0.018998,-0.345483,0.006767,0.007840,-0.043586
0.003483,0.022270,-0.338889,0.008323,0.010921,-0.043554
0.011110,0.024177,-0.331006,0.010326,0.014719,-0.042920
0.017011,0.024152,-0.323047,0.012317,0.018565,-0.041736
0.021411,0.022310,-0.316572,0.013796,0.021490,-0.040165
0.025214,0.019438,-0.312780,0.014491,0.022585,-0.038433
0.029567,0.016917,-0.312191,0.014508,0.021345,-0.036737
0.035186,0.015994,-0.314558,0.014284,0.017797,-0.035122
0.041547,0.016679,-0.318853,0.014424,0.012415,-0.033477
0.047092,0.018130,-0.323350,0.015441,0.006081,-0.031703
0.050341,0.020107,-0.325988,0.017580,-0.000008,-0.029850
0.050747,0.022613,-0.325020,0.020786,-0.004676,-0.028116
0.048763,0.024581,-0.319442,0.024780,-0.007104,-0.026770
0.045473,0.024625,-0.309233,0.029077,-0.007006,-0.026074
0.042194,0.022455,-0.295458,0.033020,-0.004681,-0.026175
0.040188,0.018765,-0.280162,0.035951,-0.000932,-0.027002
0.040588,0.014542,-0.265825,0.037428,0.003198,-0.028253
0.044061,0.010721,-0.254395,0.037446,0.006875,-0.029529
0.050443,0.007996,-0.246666,0.036459,0.009754,-0.030434
0.058966,0.006545,-0.242264,0.035102,0.011940,-0.030651
0.068390,0.005934,-0.239949,0.033921,0.013810,-0.030009
0.077081,0.005540,-0.238285,0.033256,0.015826,-0.028505
0.083551,0.004948,-0.236259,0.033223,0.018294,-0.026304
0.086840,0.003789,-0.233283,0.033708,0.021181,-0.023719
0.086514,0.001607,-0.229124,0.034375,0.024155,-0.021115
0.082770,-0.002081,-0.224137,0.034765,0.026761,-0.018816
0.076532,-0.007268,-0.219256,0.034465,0.028571,-0.017046
0.069136,-0.012934,-0.215677,0.033268,0.029286,-0.015897
0.062213,-0.017777,-0.214425,0.031318,0.028905,-0.015324
0.057707,-0.021222,-0.216021,0.029094,0.027792,-0.015162
0.057009,-0.023431,-0.220304,0.027136,0.026510,-0.015149
0.059971,-0.024747,-0.226339,0.025803,0.025620,-0.014990
0.065145,-0.025376,-0.232605,0.025255,0.025590,-0.014462
0.070895,-0.025629,-0.237321,0.025497,0.026698,-0.013465
0.076239,-0.026100,-0.238811,0.026385,0.028932,-0.012011
0.080630,-0.027274,-0.235960,0.027611,0.032006,-0.010174
0.083337,-0.029283,-0.228588,0.028759,0.035520,-0.008042
0.083758,-0.032016,-0.218156,0.029481,0.039139,-0.005721
0.082121,-0.035409,-0.207880,0.029668,0.042584,-0.003368
0.079386,-0.039781,-0.200930,0.029393,0.045455,-0.001206
0.076634,-0.045230,-0.198581,0.028751,0.047189,0.000526
0.074908,-0.050880,-0.200033,0.027883,0.047366,0.001694
0.075325,-0.055412,-0.203164,0.027060,0.045997,0.002300
0.078522,-0.058020,-0.205619,0.026617,0.043529,0.002485
0.084231,-0.058889,-0.205470,0.026829,0.040716,0.002467
0.091669,-0.058871,-0.201514,0.027767,0.038410,0.002436
0.099966,-0.058541,-0.193656,0.029194,0.037346,0.002531
0.108346,-0.057872,-0.182816,0.030634,0.037939,0.002915
0.116138,-0.056958,-0.170605,0.031537,0.040176,0.003744
0.122738,-0.056466,-0.159021,0.031435,0.043596,0.005078
0.127585,-0.056987,-0.149891,0.030089,0.047331,0.006880
0.130174,-0.058470,-0.144454,0.027555,0.050214,0.009057
0.130281,-0.060669,-0.143261,0.024139,0.051080,0.011459
0.128063,-0.063467,-0.146167,0.020302,0.049134,0.013880
0.123955,-0.066372,-0.152045,0.016593,0.044336,0.016093
0.118703,-0.068376,-0.158705,0.013606,0.037502,0.017912
0.113508,-0.068745,-0.163565,0.011850,0.030009,0.019270
0.109880,-0.067600,-0.164289,0.011623,0.023428,0.020227
0.108809,-0.065695,-0.159433,0.012856,0.019117,0.020914
0.109964,-0.063861,-0.149131,0.014990,0.017884,0.021470
0.112005,-0.062713,-0.134924,0.017122,0.019916,0.021972
0.113574,-0.062644,-0.119180,0.018332,0.024808,0.022436
0.113757,-0.063735,-0.104576,0.017933,0.031631,0.022848
0.112030,-0.065604,-0.093458,0.015635,0.039015,0.023194
0.108350,-0.067524,-0.087490,0.011593,0.045329,0.023440
0.103600,-0.069062,-0.087631,0.006299,0.049067,0.023536
0.099539,-0.070366,-0.094063,0.000435,0.049269,0.023466
0.097647,-0.071160,-0.105821,-0.005251,0.045911,0.023310
0.098183,-0.070064,-0.120715,-0.009994,0.040015,0.023255
0.100477,-0.065981,-0.135665,-0.013067,0.033348,0.023494
0.103410,-0.059543,-0.147228,-0.013896,0.028001,0.024134
0.105463,-0.052685,-0.152621,-0.012324,0.025792,0.025175
0.104715,-0.047257,-0.150455,-0.008921,0.027739,0.026432
0.099283,-0.043954,-0.140926,-0.004842,0.034004,0.027504
0.089152,-0.042668,-0.126356,-0.001356,0.043793,0.027939
0.077475,-0.043469,-0.110932,0.000548,0.055218,0.027508
0.068788,-0.046328,-0.098775,0.000376,0.065570,0.026392
0.066232,-0.050479,-0.092193,-0.001832,0.072066,0.025097
0.070166,-0.054497,-0.091093,-0.005613,0.072912,0.024173
0.078492,-0.056614,-0.093458,-0.010228,0.067971,0.024028
0.088078,-0.055638,-0.096700,-0.014876,0.058644,0.024833
0.095945,-0.051914,-0.098783,-0.018923,0.047197,0.026516
0.099431,-0.046869,-0.098607,-0.022094,0.035917,0.028797
0.096006,-0.042092,-0.096101,-0.024574,0.026557,0.031231
0.084426,-0.039037,-0.092311,-0.026884,0.020121,0.033278
0.066747,-0.038608,-0.089401,-0.029601,0.016798,0.034412
0.048183,-0.040686,-0.090177,-0.033157,0.015974,0.034303
0.034538,-0.044050,-0.097156,-0.037697,0.016335,0.033057
0.029454,-0.046653,-0.111575,-0.042945,0.016187,0.031265
0.032569,-0.046530,-0.132327,-0.048116,0.014066,0.029710
0.039852,-0.042910,-0.155864,-0.052014,0.009303,0.028992
0.046303,-0.036558,-0.177605,-0.053446,0.002219,0.029302
0.048449,-0.029298,-0.193543,-0.051684,-0.006103,0.030445
0.045176,-0.023205,-0.201242,-0.046800,-0.014269,0.031986
0.037308,-0.019888,-0.200174,-0.039712,-0.020972,0.033421
0.026750,-0.020152,-0.191799,-0.031947,-0.025285,0.034339
0.015770,-0.024091,-0.179282,-0.025306,-0.026846,0.034503
0.006167,-0.031056,-0.166460,-0.021326,-0.025952,0.033872
-0.001302,-0.039505,-0.156857,-0.020731,-0.023482,0.032568
-0.006627,-0.047417,-0.153048,-0.023310,-0.020504,0.030780
-0.009943,-0.052946,-0.155853,-0.028076,-0.017901,0.028684
-0.011331,-0.054960,-0.163959,-0.033561,-0.016183,0.026410
-0.010760,-0.053566,-0.174674,-0.038292,-0.015431,0.024069
-0.008099,-0.050071,-0.185249,-0.041219,-0.015367,0.021795
-0.003505,-0.046189,-0.193799,-0.042010,-0.015535,0.019726
-,-,-,-,-,-
0.000297,-0.000809,-0.003564,-0.000625,-0.000209,0.000266
0.001710,-0.004680,-0.020479,-0.003599,-0.001149,0.001509
0.004745,-0.013034,-0.056572,-0.009971,-0.002986,0.004093
0.008739,-0.024303,-0.104550,-0.018543,-0.005082,0.007363
0.012277,-0.035462,-0.151246,-0.027120,-0.006612,0.010220
0.014138,-0.044231,-0.187486,-0.034161,-0.007252,0.011884
0.013972,-0.049626,-0.210921,-0.039160,-0.007326,0.012084
0.012518,-0.051636,-0.224492,-0.042338,-0.007522,0.010980
0.011208,-0.050862,-0.232963,-0.044091,-0.008449,0.009036
0.011309,-0.048261,-0.240180,-0.044656,-0.010427,0.006829
0.013091,-0.044735,-0.247844,-0.044078,-0.013420,0.004836
0.015731,-0.040896,-0.255571,-0.042315,-0.017026,0.003305
0.018155,-0.037193,-0.261946,-0.039441,-0.020595,0.002273
0.019768,-0.034059,-0.265518,-0.035768,-0.023432,0.001656
0.020275,-0.031875,-0.265355,-0.031793,-0.025063,0.001300
0.019364,-0.030958,-0.261379,-0.028073,-0.025352,0.001009
0.017045,-0.031500,-0.254520,-0.025113,-0.024450,0.000573
0.014009,-0.033352,-0.246462,-0.023292,-0.022703,-0.000183
0.011532,-0.035954,-0.239255,-0.022783,-0.020619,-0.001328
0.011092,-0.038487,-0.234982,-0.023555,-0.018834,-0.002811
0.013551,-0.039955,-0.234963,-0.025379,-0.017881,-0.004468
0.018626,-0.039478,-0.239095,-0.027782,-0.017901,-0.006031
0.025227,-0.036757,-0.246190,-0.030153,-0.018637,-0.007190
0.031684,-0.032248,-0.254530,-0.031929,-0.019708,-0.007707
0.035824,-0.026918,-0.262157,-0.032717,-0.020829,-0.007517
0.035738,-0.021834,-0.267288,-0.032362,-0.021798,-0.006814
0.030843,-0.017933,-0.268861,-0.030972,-0.022414,-0.006026
0.022459,-0.015957,-0.266945,-0.028950,-0.022463,-0.005622
0.013404,-0.016223,-0.262724,-0.026934,-0.021773,-0.005941
0.006953,-0.018308,-0.258069,-0.025585,-0.020336,-0.007077
0.005713,-0.021207,-0.254872,-0.025347,-0.018404,-0.008834
0.010284,-0.023869,-0.254388,-0.026297,-0.016400,-0.010794
0.018835,-0.025418,-0.257033,-0.028129,-0.014716,-0.012451
0.028390,-0.025197,-0.262497,-0.030289,-0.013594,-0.013405
0.036199,-0.023027,-0.269762,-0.032118,-0.013184,-0.013489
0.040340,-0.019384,-0.277319,-0.033028,-0.013650,-0.012770
0.039765,-0.015158,-0.283412,-0.032668,-0.015090,-0.011493
0.034193,-0.011236,-0.286270,-0.031000,-0.017377,-0.010036
0.024541,-0.008586,-0.285067,-0.028373,-0.020104,-0.008841
0.013025,-0.008268,-0.280822,-0.025548,-0.022678,-0.008292
0.002314,-0.010353,-0.276103,-0.023497,-0.024500,-0.008602
-0.005215,-0.013258,-0.273893,-0.023048,-0.025139,-0.009752
-0.007976,-0.014818,-0.276557,-0.024507,-0.024530,-0.011467
-0.005759,-0.013667,-0.285269,-0.027493,-0.023042,-0.013255
-0.000024,-0.009772,-0.299466,-0.031067,-0.021307,-0.014582
0.006423,-0.004240,-0.316774,-0.033911,-0.020004,-0.015060
0.010576,0.001182,-0.333892,-0.034710,-0.019684,-0.014579
0.010557,0.004887,-0.347672,-0.032705,-0.020605,-0.013388
0.006123,0.006168,-0.356096,-0.027957,-0.022682,-0.012015
-0.001425,0.005311,-0.358798,-0.021274,-0.025571,-0.011058
-0.009695,0.003222,-0.356815,-0.013948,-0.028801,-0.010990
-0.016071,0.000939,-0.352089,-0.007330,-0.031953,-0.011965
-0.018620,-0.000975,-0.346852,-0.002450,-0.034812,-0.013732
-0.016919,-0.002558,-0.342686,0.000280,-0.037371,-0.015784
-0.012213,-0.004022,-0.339988,0.001145,-0.039698,-0.017603
-0.006592,-0.005473,-0.338467,0.000921,-0.041784,-0.018859
-0.002035,-0.006963,-0.337859,0.000524,-0.043548,-0.019469
-0.000043,-0.008431,-0.337859,0.000640,-0.044962,-0.019539
-0.001701,-0.009679,-0.337732,0.001530,-0.046089,-0.019277
-0.007458,-0.010596,-0.336609,0.003027,-0.046900,-0.018957
-0.016728,-0.011380,-0.334180,0.004584,-0.047076,-0.018910
-0.027864,-0.012404,-0.331114,0.005449,-0.046129,-0.019436
-0.038608,-0.013756,-0.328978,0.004973,-0.043745,-0.020644
-0.046909,-0.014953,-0.329644,0.002870,-0.039955,-0.022403
-0.051580,-0.015194,-0.334504,-0.000637,-0.035160,-0.024407
-0.052630,-0.013876,-0.344021,-0.004850,-0.030057,-0.026304
-0.051445,-0.010969,-0.357522,-0.008848,-0.025297,-0.027874
-0.050242,-0.006995,-0.373329,-0.011796,-0.021165,-0.029139
-0.050618,-0.002681,-0.389520,-0.013195,-0.017563,-0.030301
-0.052568,0.001270,-0.404784,-0.012942,-0.014256,-0.031588
-0.054779,0.004508,-0.418481,-0.011198,-0.011138,-0.033144
-0.055572,0.007370,-0.430049,-0.008164,-0.008302,-0.035010
-0.053792,0.010412,-0.438437,-0.003961,-0.005893,-0.037131
-0.049026,0.013712,-0.441886,0.001367,-0.003886,-0.039384
-0.041394,0.017048,-0.438778,0.007631,-0.002050,-0.041573
-0.031431,0.020128,-0.429271,0.014204,-0.000163,-0.043430
-0.019955,0.022363,-0.415732,0.020150,0.001787,-0.044685
-0.008395,0.023101,-0.401488,0.024641,0.003627,-0.045191
0.001060,0.022211,-0.389289,0.027230,0.005177,-0.045019
0.006626,0.020347,-0.380644,0.027980,0.006361,-0.044418
0.008079,0.018565,-0.375944,0.027428,0.007168,-0.043706
0.006754,0.017676,-0.374550,0.026402,0.007546,-0.043149
0.004810,0.018037,-0.374803,0.025787,0.007426,-0.042902
0.004196,0.019479,-0.374302,0.026238,0.006868,-0.042978
0.005907,0.021293,-0.370495,0.027959,0.006173,-0.043252
0.009831,0.022577,-0.361684,0.030654,0.005828,-0.043519
0.014911,0.022627,-0.347699,0.033624,0.006371,-0.043557
0.019510,0.021123,-0.330107,0.036029,0.008123,-0.043211
0.022221,0.018301,-0.312124,0.037259,0.010857,-0.042488
0.022645,0.014937,-0.297280,0.037201,0.013847,-0.041571
0.021529,0.011927,-0.287444,0.036294,0.016343,-0.040729
0.020433,0.009768,-0.282018,0.035309,0.017954,-0.040199
0.021157,0.008468,-0.278588,0.034920,0.018768,-0.040059
0.025107,0.007730,-0.274242,0.035386,0.019275,-0.040183
0.032772,0.007301,-0.267068,0.036543,0.020137,-0.040295
0.043510,0.007479,-0.257179,0.038030,0.021893,-0.040035
0.055879,0.008262,-0.246405,0.039629,0.024748,-0.039103
0.068204,0.007884,-0.236644,0.041317,0.028479,-0.037474
0.078775,0.004385,-0.228593,0.042884,0.032479,-0.035410
0.086248,-0.001957,-0.221996,0.043771,0.035946,-0.033270
0.090383,-0.009190,-0.216344,0.043476,0.038244,-0.031338
0.092070,-0.015246,-0.211206,0.042040,0.039197,-0.029774
0.092878,-0.018861,-0.206259,0.040027,0.039128,-0.028625
0.094773,-0.020082,-0.201283,0.038116,0.038698,-0.027852
0.099700,-0.019851,-0.196274,0.036699,0.038660,-0.027344
0.109130,-0.019224,-0.191543,0.035751,0.039578,-0.026877
0.123748,-0.018848,-0.187634,0.034961,0.041634,-0.026108
0.142772,-0.018672,-0.185072,0.034014,0.044572,-0.024632
0.163569,-0.018136,-0.184154,0.032810,0.047801,-0.022081
0.182255,-0.017115,-0.184799,0.031467,0.050645,-0.018263
0.194832,-0.016369,-0.186549,0.030220,0.052603,-0.013287
0.198620,-0.016666,-0.188480,0.029342,0.053529,-0.007553
0.193178,-0.018161,-0.188978,0.029176,0.053643,-0.001616
0.180402,-0.020758,-0.186232,0.030049,0.053371,0.003970
0.163902,-0.024454,-0.179380,0.032006,0.053127,0.008727
0.147523,-0.029467,-0.169025,0.034684,0.053145,0.012349
0.133909,-0.036030,-0.156788,0.037428,0.053394,0.014806
0.123917,-0.043903,-0.144437,0.039511,0.053635,0.016281
0.117205,-0.052379,-0.133457,0.040345,0.053586,0.017045
0.113318,-0.060750,-0.125171,0.039603,0.053003,0.017364
0.112145,-0.068440,-0.120632,0.037266,0.051611,0.017507
0.113460,-0.074781,-0.120184,0.033618,0.049081,0.017733
0.116231,-0.079131,-0.123081,0.029206,0.045244,0.018224
0.118770,-0.081390,-0.127763,0.024724,0.040292,0.019022
0.119628,-0.082164,-0.132676,0.020787,0.034716,0.020041
0.117922,-0.082369,-0.136852,0.017730,0.029134,0.021114
0.113391,-0.082836,-0.140062,0.015520,0.024239,0.022028
0.106784,-0.083933,-0.142672,0.013786,0.020823,0.022554
-,-,-,-,-,-
0.001661,-0.001501,-0.002795,0.000091,0.000524,0.000351
0.009680,-0.008595,-0.016033,0.000508,0.003098,0.002000
0.027250,-0.023584,-0.044159,0.001361,0.008857,0.005457
0.051649,-0.043069,-0.081100,0.002448,0.016969,0.009941
0.077107,-0.061155,-0.115904,0.003469,0.025353,0.014169
0.098717,-0.073791,-0.140546,0.004224,0.032113,0.017322
0.113583,-0.079764,-0.152073,0.004644,0.036209,0.019231
0.121078,-0.079834,-0.151578,0.004769,0.037581,0.020193
0.122468,-0.075768,-0.142290,0.004697,0.036917,0.020697
0.119818,-0.069838,-0.128062,0.004473,0.035253,0.021186
0.114765,-0.063999,-0.112293,0.003996,0.033609,0.021932
0.108302,-0.059286,-0.097325,0.003093,0.032800,0.022979
0.101429,-0.056155,-0.084264,0.001597,0.033435,0.024144
0.095235,-0.054508,-0.073064,-0.000627,0.035846,0.025167
0.090433,-0.053610,-0.063072,-0.003608,0.039920,0.025866
0.087127,-0.052600,-0.053656,-0.007306,0.045212,0.026197
0.084821,-0.050939,-0.044953,-0.011701,0.051074,0.026249
0.082659,-0.048616,-0.038374,-0.016786,0.056651,0.026171
0.079976,-0.046149,-0.035974,-0.022472,0.060840,0.026117
0.076724,-0.044085,-0.039192,-0.028510,0.062371,0.026237
0.073233,-0.042278,-0.047764,-0.034414,0.060217,0.026662
0.069564,-0.039831,-0.059654,-0.039462,0.054075,0.027450
0.065272,-0.036100,-0.072203,-0.042937,0.044717,0.028525
0.059627,-0.031563,-0.083278,-0.044446,0.033877,0.029658
0.052019,-0.027346,-0.091696,-0.044123,0.023569,0.030536
0.042335,-0.024226,-0.097079,-0.042604,0.015440,0.030839
0.031272,-0.022285,-0.099591,-0.040724,0.010449,0.030335
0.020709,-0.021235,-0.099969,-0.039229,0.008696,0.029006
0.013305,-0.020878,-0.099653,-0.038644,0.009400,0.027060
0.010976,-0.021219,-0.100794,-0.039229,0.011083,0.024844
0.013698,-0.022204,-0.105711,-0.040980,0.011979,0.022746
0.019635,-0.023438,-0.115537,-0.043577,0.010670,0.021110
0.026223,-0.024225,-0.129399,-0.046356,0.006582,0.020152
0.031206,-0.023971,-0.144929,-0.048441,0.000063,0.019905
0.032976,-0.022588,-0.159307,-0.049014,-0.007870,0.020225
0.030826,-0.020609,-0.170193,-0.047642,-0.015867,0.020835
0.025253,-0.018949,-0.176241,-0.044456,-0.022544,0.021389
0.017971,-0.018387,-0.177188,-0.040087,-0.026820,0.021557
0.011583,-0.019296,-0.173801,-0.035513,-0.028161,0.021106
0.008557,-0.021706,-0.167845,-0.031797,-0.026749,0.020010
0.009841,-0.025346,-0.161733,-0.029789,-0.023546,0.018502
0.014393,-0.029718,-0.157765,-0.029900,-0.019926,0.016967
0.019842,-0.034227,-0.157444,-0.031987,-0.017098,0.015713
0.023661,-0.038191,-0.161101,-0.035416,-0.015715,0.014830
0.024461,-0.040822,-0.167992,-0.039281,-0.015814,0.014193
0.022594,-0.041398,-0.176847,-0.042680,-0.016985,0.013592
0.019531,-0.039730,-0.186605,-0.044998,-0.018624,0.012868
0.016829,-0.036334,-0.196848,-0.046071,-0.020146,0.011975
0.015454,-0.032135,-0.207622,-0.046132,-0.021093,0.010940
0.015640,-0.028215,-0.218993,-0.045608,-0.021220,0.009804
0.017355,-0.025385,-0.230708,-0.044846,-0.020572,0.008608
0.020844,-0.023731,-0.242152,-0.043902,-0.019509,0.007423
0.026250,-0.022907,-0.252470,-0.042600,-0.018616,0.006385
0.032761,-0.022658,-0.260494,-0.040762,-0.018494,0.005685
0.038762,-0.022931,-0.265071,-0.038340,-0.019553,0.005485
0.042671,-0.023837,-0.265841,-0.035475,-0.021865,0.005829
0.043236,-0.025440,-0.263420,-0.032508,-0.025161,0.006626
0.039608,-0.027364,-0.259025,-0.029844,-0.028882,0.007645
0.031805,-0.028804,-0.254102,-0.027797,-0.032298,0.008533
0.021175,-0.029118,-0.250001,-0.026548,-0.034713,0.008929
0.010088,-0.028285,-0.247806,-0.026162,-0.035655,0.008591
0.001183,-0.026857,-0.248423,-0.026615,-0.035017,0.007462
-0.003241,-0.025516,-0.252732,-0.027820,-0.033097,0.005675
-0.001746,-0.024535,-0.261298,-0.029586,-0.030524,0.003555
0.005960,-0.023720,-0.273765,-0.031557,-0.028121,0.001607
0.018470,-0.022695,-0.288371,-0.033127,-0.026667,0.000404
0.031944,-0.021074,-0.302060,-0.033393,-0.026782,0.000451
0.041036,-0.018821,-0.311481,-0.031486,-0.028799,0.001966
0.041463,-0.016453,-0.313990,-0.027193,-0.032524,0.004614
0.031846,-0.014657,-0.308273,-0.021158,-0.037204,0.007575
0.014001,-0.014147,-0.295248,-0.014716,-0.041740,0.009906
-0.007868,-0.015682,-0.278399,-0.009584,-0.044958,0.010880
-0.028523,-0.019299,-0.262747,-0.007290,-0.045982,0.010182
-0.043118,-0.023657,-0.253185,-0.008604,-0.044526,0.007961
-0.048673,-0.026778,-0.252763,-0.013176,-0.040974,0.004776
-0.044867,-0.027326,-0.261662,-0.019581,-0.036235,0.001440
-0.034096,-0.025094,-0.276905,-0.025808,-0.031458,-0.001246
-0.020945,-0.020869,-0.293139,-0.029888,-0.027768,-0.002736
-0.010600,-0.016278,-0.305003,-0.030578,-0.025976,-0.002910
-0.007180,-0.013220,-0.309144,-0.027792,-0.026363,-0.002115
-0.012484,-0.012673,-0.304834,-0.022597,-0.028593,-0.001032
-0.025139,-0.014197,-0.293853,-0.016853,-0.031689,-0.000438
-0.041135,-0.016588,-0.279536,-0.012504,-0.034295,-0.000946
-0.055482,-0.018585,-0.265664,-0.010873,-0.035199,-0.002767
-0.063927,-0.019308,-0.255693,-0.012391,-0.033748,-0.005649
-0.064319,-0.018596,-0.252010,-0.016655,-0.030020,-0.009032
-0.057109,-0.016839,-0.255473,-0.022637,-0.024723,-0.012277
-0.045036,-0.014449,-0.265288,-0.028994,-0.018877,-0.014869
-0.032093,-0.011689,-0.279355,-0.034382,-0.013454,-0.016542
-0.021978,-0.008854,-0.295093,-0.037790,-0.009147,-0.017334
-0.016935,-0.006352,-0.310226,-0.038749,-0.006298,-0.017554
-0.017153,-0.004485,-0.323513,-0.037406,-0.004918,-0.017618
-0.020869,-0.003250,-0.335304,-0.034415,-0.004833,-0.017889
-0.025390,-0.002394,-0.347033,-0.030641,-0.005859,-0.018555
-0.028224,-0.001418,-0.359647,-0.026825,-0.007822,-0.019548
-0.027866,0.000308,-0.372681,-0.023299,-0.010543,-0.020567
-0.024744,0.002934,-0.384410,-0.019904,-0.013828,-0.021231
-0.021486,0.005746,-0.392604,-0.016198,-0.017431,-0.021278
-0.021352,0.007396,-0.395714,-0.011869,-0.021002,-0.020757
-0.026279,0.006514,-0.393544,-0.007063,-0.024107,-0.020057
-0.035942,0.002878,-0.387129,-0.002352,-0.026262,-0.019706
-0.048004,-0.002037,-0.378471,0.001522,-0.027016,-0.020111
-0.059351,-0.006293,-0.370135,0.003959,-0.026157,-0.021411
-0.067551,-0.008802,-0.364447,0.004681,-0.023849,-0.023452
-0.071494,-0.009281,-0.362838,0.003782,-0.020496,-0.025898
-0.070913,-0.007809,-0.365888,0.001716,-0.016437,-0.028372
-0.066188,-0.004819,-0.373185,-0.000788,-0.011876,-0.030562
-0.058757,-0.001131,-0.382870,-0.002852,-0.007035,-0.032267
-0.050644,0.002187,-0.392340,-0.003700,-0.002188,-0.033419
-0.043448,0.003991,-0.399726,-0.002995,0.002325,-0.034101
-0.037995,0.003534,-0.404568,-0.000967,0.006029,-0.034490
-0.034536,0.001070,-0.407460,0.001764,0.008378,-0.034787
-0.032977,-0.002242,-0.409313,0.004508,0.008905,-0.035177
-0.033055,-0.004971,-0.410676,0.006812,0.007462,-0.035791
-0.034490,-0.005981,-0.411463,0.008602,0.004384,-0.036681
-0.037037,-0.005020,-0.411122,0.010061,0.000467,-0.037824
-0.040340,-0.002806,-0.409053,0.011381,-0.003188,-0.039167
-0.043577,-0.000360,-0.405237,0.012585,-0.005478,-0.040654
-0.045337,0.001731,-0.400599,0.013552,-0.005538,-0.042242
-0.044221,0.003528,-0.396541,0.014228,-0.003040,-0.043896
-0.039629,0.005423,-0.394104,0.014777,0.001516,-0.045555
-0.031889,0.007678,-0.393533,0.015536,0.006947,-0.047133
-0.022004,0.010261,-0.394154,0.016831,0.011852,-0.048563
-0.011419,0.013065,-0.394403,0.018864,0.015074,-0.049815
-0.001702,0.016046,-0.392239,0.021656,0.016078,-0.050894
0.005929,0.019051,-0.385916,0.025026,0.015070,-0.051801
0.011495,0.021721,-0.375181,0.028677,0.012866,-0.052544
0.016756,0.023636,-0.361831,0.032301,0.010581,-0.053161
-,-,-,-,-,-
0.001001,0.000445,-0.005785,0.000734,0.000244,-0.000957
0.005850,0.002628,-0.033239,0.004239,0.001448,-0.005500
0.016651,0.007561,-0.091617,0.011820,0.004209,-0.015166
0.031896,0.014680,-0.168050,0.022214,0.008374,-0.027865
0.047530,0.022327,-0.239182,0.032958,0.013290,-0.039832
0.059870,0.028583,-0.288194,0.042171,0.018170,-0.048386
0.067629,0.031326,-0.309961,0.048946,0.022214,-0.052704
0.071740,0.028816,-0.308331,0.052950,0.024728,-0.053433
0.073944,0.021180,-0.290961,0.053896,0.025295,-0.051907
0.076122,0.010835,-0.265977,0.051514,0.024000,-0.049474
0.080171,0.001090,-0.240594,0.045838,0.021445,-0.047075
0.087246,-0.005213,-0.220388,0.037529,0.018475,-0.045090
0.096954,-0.006255,-0.208797,0.028014,0.015912,-0.043434
0.107374,-0.001557,-0.206759,0.019322,0.014522,-0.041835
0.116030,0.007867,-0.213010,0.013752,0.015052,-0.040088
0.121458,0.018867,-0.224132,0.013149,0.017930,-0.038130
0.123555,0.026573,-0.234419,0.018004,0.022816,-0.035993
0.122309,0.027680,-0.237646,0.026887,0.028525,-0.033785
0.117604,0.022595,-0.230031,0.036825,0.033382,-0.031664
0.110625,0.013865,-0.212443,0.044689,0.035875,-0.029812
0.104307,0.004246,-0.190429,0.048528,0.035290,-0.028385
0.102206,-0.003915,-0.171369,0.048046,0.031947,-0.027416
0.106814,-0.009202,-0.160801,0.044368,0.026981,-0.026706
0.118052,-0.011561,-0.160346,0.039387,0.021833,-0.025817
0.132622,-0.012120,-0.167428,0.034947,0.017749,-0.024288
0.145253,-0.012589,-0.176645,0.032230,0.015553,-0.021874
0.151591,-0.014498,-0.182596,0.031442,0.015556,-0.018686
0.150151,-0.018461,-0.182228,0.031888,0.017618,-0.015147
0.142354,-0.023739,-0.175656,0.032483,0.021339,-0.011793
0.131676,-0.028778,-0.165738,0.032336,0.026248,-0.009047
0.122084,-0.032769,-0.156548,0.031101,0.031788,-0.007095
0.116228,-0.036236,-0.151738,0.028867,0.037189,-0.005871
0.114960,-0.039981,-0.153495,0.025866,0.041524,-0.005141
0.118158,-0.044028,-0.161947,0.022512,0.043987,-0.004598
0.125155,-0.047506,-0.175138,0.019506,0.044215,-0.003912
0.134592,-0.049463,-0.189494,0.017671,0.042482,-0.002770
0.144626,-0.049770,-0.200748,0.017683,0.039588,-0.000939
0.153295,-0.049177,-0.205354,0.019740,0.036501,0.001663
0.158773,-0.048790,-0.201566,0.023399,0.034047,0.004939
0.159763,-0.049577,-0.189956,0.027724,0.032754,0.008634
0.155723,-0.052084,-0.173135,0.031599,0.032805,0.012375
0.146878,-0.056196,-0.154477,0.034123,0.034035,0.015757
0.134256,-0.061215,-0.136863,0.034859,0.036003,0.018413
0.119844,-0.066344,-0.122000,0.033817,0.038095,0.020091
0.106500,-0.071006,-0.110178,0.031198,0.039625,0.020661
0.097050,-0.074807,-0.100726,0.027256,0.040037,0.020138
0.093531,-0.077545,-0.093260,0.022356,0.039181,0.018740
0.097181,-0.079267,-0.088469,0.016902,0.037396,0.016873
0.108009,-0.079849,-0.087310,0.011246,0.035383,0.015048
0.124238,-0.078548,-0.089585,0.005761,0.033956,0.013789
0.142637,-0.074448,-0.093458,0.000916,0.033687,0.013510
0.159615,-0.067298,-0.096275,-0.002777,0.034637,0.014415
0.172234,-0.057881,-0.096099,-0.004980,0.036291,0.016488
0.178633,-0.047781,-0.092613,-0.005665,0.037771,0.019533
0.178148,-0.038903,-0.086468,-0.005094,0.038319,0.023208
0.171001,-0.032598,-0.078215,-0.003795,0.037661,0.027073
0.158209,-0.028965,-0.068406,-0.002383,0.036066,0.030653
0.141882,-0.027573,-0.057807,-0.001386,0.034166,0.033509
0.124708,-0.028160,-0.046880,-0.001320,0.032535,0.035347
0.109142,-0.030172,-0.035874,-0.002773,0.031436,0.036088
0.097177,-0.032282,-0.025416,-0.006271,0.030921,0.035830
0.090687,-0.032584,-0.016852,-0.011819,0.031052,0.034840
0.091409,-0.029738,-0.011712,-0.018618,0.031965,0.033550
0.099224,-0.023566,-0.010519,-0.025543,0.033660,0.032535
0.110719,-0.014460,-0.012498,-0.031773,0.035822,0.032450
0.120457,-0.003793,-0.016512,-0.037032,0.037899,0.033726
0.123664,0.005620,-0.022078,-0.041516,0.039285,0.036296
0.118362,0.011324,-0.029721,-0.045680,0.039410,0.039662
0.105742,0.013012,-0.040493,-0.049962,0.037828,0.043146
0.088747,0.012277,-0.054866,-0.054483,0.034439,0.046143
0.070284,0.011521,-0.072131,-0.058857,0.029595,0.048253
0.052460,0.012719,-0.090485,-0.062309,0.023985,0.049353
0.036529,0.016391,-0.107024,-0.064026,0.018463,0.049564
0.022722,0.021581,-0.118389,-0.063493,0.013781,0.049129
0.010604,0.026527,-0.122434,-0.060806,0.010359,0.048236
-0.000023,0.029338,-0.119407,-0.056777,0.008237,0.046930
-0.008605,0.028737,-0.112057,-0.052760,0.006984,0.045179
-0.014235,0.024713,-0.104743,-0.050275,0.005692,0.042999
-0.016647,0.018744,-0.101880,-0.050442,0.003356,0.040544
-0.016441,0.013169,-0.106742,-0.053545,-0.000612,0.038097
-0.014570,0.010058,-0.120711,-0.058924,-0.006094,0.035970
-0.012269,0.010479,-0.142971,-0.065188,-0.012361,0.034404
-0.011076,0.014008,-0.170572,-0.070662,-0.018349,0.033467
-0.012187,0.018842,-0.199016,-0.073830,-0.022932,0.032974
-0.015659,0.022953,-0.223452,-0.073784,-0.025357,0.032587
-0.020730,0.025105,-0.239988,-0.070403,-0.025600,0.031976
-0.026687,0.024793,-0.247007,-0.064252,-0.024275,0.030931
-0.032843,0.021697,-0.245759,-0.056582,-0.022208,0.029370
-0.038190,0.015743,-0.239654,-0.049085,-0.020042,0.027301
-0.041610,0.007696,-0.233001,-0.043414,-0.018137,0.024833
-0.042534,-0.000770,-0.229676,-0.040719,-0.016635,0.022186
-0.041259,-0.007595,-0.231754,-0.041173,-0.015497,0.019580
-0.038380,-0.011058,-0.238951,-0.043812,-0.014526,0.017150
-0.034168,-0.010617,-0.249121,-0.046930,-0.013568,0.014982
-0.028664,-0.007281,-0.259297,-0.048747,-0.012735,0.013181
-0.022283,-0.003193,-0.266812,-0.048133,-0.012403,0.011845
-0.016261,-0.000705,-0.270078,-0.045011,-0.013017,0.010975
-0.012196,-0.001321,-0.269141,-0.040279,-0.014827,0.010432
-0.011168,-0.005181,-0.265785,-0.035445,-0.017738,0.009940
-0.013146,-0.011121,-0.262713,-0.032011,-0.021285,0.009171
-0.016659,-0.016984,-0.262464,-0.030856,-0.024686,0.007935
-0.019255,-0.020416,-0.266699,-0.031981,-0.027161,0.006277
-0.018810,-0.019990,-0.275681,-0.034593,-0.028353,0.004473
-0.014503,-0.015774,-0.288121,-0.037376,-0.028476,0.002948
-0.007374,-0.009135,-0.301395,-0.038926,-0.028189,0.002115
-0.000404,-0.002239,-0.312196,-0.038152,-0.028334,0.002219
0.002875,0.002630,-0.317671,-0.034668,-0.029542,0.003189
0.000261,0.003887,-0.316314,-0.028987,-0.031935,0.004605
-0.008291,0.001419,-0.308260,-0.022339,-0.035081,0.005853
-0.020872,-0.003443,-0.295139,-0.016257,-0.038178,0.006338
-0.034165,-0.008940,-0.279621,-0.012081,-0.040354,0.005694
-0.044212,-0.013843,-0.264933,-0.010697,-0.040874,0.003872
-0.047937,-0.017589,-0.254276,-0.012394,-0.039321,0.001119
-0.044389,-0.019774,-0.250219,-0.016717,-0.035837,-0.002037
-0.034743,-0.019808,-0.253961,-0.022563,-0.031113,-0.004935
-0.022107,-0.017136,-0.264547,-0.028407,-0.026109,-0.007047
-0.010684,-0.011867,-0.279092,-0.032620,-0.021749,-0.008142
-0.003816,-0.005308,-0.294133,-0.034068,-0.018725,-0.008306
-0.002775,0.000628,-0.306797,-0.032543,-0.017443,-0.007851
-0.006982,0.004610,-0.315297,-0.028712,-0.017995,-0.007171
-0.014777,0.006284,-0.318990,-0.023735,-0.020145,-0.006616
-0.024154,0.006026,-0.318245,-0.018795,-0.023335,-0.006439
-0.033071,0.004534,-0.314241,-0.014797,-0.026784,-0.006769
-0.039772,0.002284,-0.308863,-0.012313,-0.029699,-0.007598
-0.043331,-0.000608,-0.304623,-0.011661,-0.031437,-0.008812
-0.043884,-0.003844,-0.304094,-0.012886,-0.031631,-0.010247
-0.042304,-0.006558,-0.308932,-0.015571,-0.030330,-0.011712
-0.039945,-0.007592,-0.319128,-0.018846,-0.027992,-0.013019
-,-,-,-,-,-
-0.001174,0.000151,-0.006538,-0.000274,-0.000389,-0.000311
-0.006862,0.000837,-0.037608,-0.001506,-0.002253,-0.001822
-0.019454,0.002229,-0.103821,-0.003837,-0.006302,-0.005197
-0.037165,0.003997,-0.191130,-0.006232,-0.011852,-0.010064
-0.055447,0.005631,-0.274070,-0.007493,-0.017526,-0.015469
-0.069587,0.006618,-0.334278,-0.007285,-0.022283,-0.020585
-0.076404,0.006524,-0.365780,-0.006101,-0.025687,-0.024928
-0.075287,0.005321,-0.372583,-0.004790,-0.027736,-0.028313
-0.067919,0.003510,-0.363562,-0.004040,-0.028514,-0.030772
-0.057051,0.001775,-0.348281,-0.004136,-0.027948,-0.032477
-0.045493,0.000572,-0.334623,-0.005025,-0.025925,-0.033641
-0.035503,0.000046,-0.327649,-0.006513,-0.022596,-0.034456
-0.020351,0.004406,-0.334367,-0.008172,-0.018611,-0.034975
0.005936,0.019204,-0.357860,-0.007505,-0.015688,-0.034859
0.019394,0.032652,-0.378308,0.000071,-0.015650,-0.033964
-0.002509,0.023259,-0.371774,0.014447,-0.017805,-0.033203
-0.038025,-0.006130,-0.344326,0.027707,-0.020180,-0.033428
-0.057604,-0.031540,-0.317617,0.033028,-0.022609,-0.034187
-0.060229,-0.041326,-0.298916,0.031681,-0.025865,-0.034742
-0.057852,-0.043499,-0.284580,0.027950,-0.029922,-0.035066
-0.056997,-0.044726,-0.276376,0.023076,-0.033813,-0.035350
-0.058281,-0.042672,-0.277709,0.016391,-0.036124,-0.035825
-0.058524,-0.035913,-0.287044,0.007645,-0.035570,-0.036963
-0.052454,-0.025688,-0.302332,-0.002475,-0.031240,-0.038965
-0.037529,-0.013101,-0.322296,-0.012260,-0.022913,-0.041394
-0.015857,0.000207,-0.345384,-0.019690,-0.011228,-0.043366
0.007336,0.011953,-0.370003,-0.023375,0.002223,-0.044071
0.025617,0.020164,-0.394195,-0.022869,0.015000,-0.043227
0.034161,0.024229,-0.415376,-0.018464,0.024620,-0.041175
0.032132,0.024876,-0.430529,-0.010861,0.029422,-0.038715
0.022588,0.023240,-0.436963,-0.001024,0.029021,-0.036734
0.010663,0.020267,-0.433243,0.009860,0.024282,-0.035876
0.001222,0.016628,-0.419798,0.020461,0.016885,-0.036320
-0.003146,0.012682,-0.398825,0.029489,0.008727,-0.037776
-0.002492,0.008399,-0.374127,0.035976,0.001443,-0.039706
0.001934,0.003594,-0.350713,0.039495,-0.003855,-0.041578
0.008687,-0.001373,-0.332733,0.040226,-0.006730,-0.042977
0.015737,-0.005589,-0.321274,0.038845,-0.007300,-0.043591
0.020632,-0.008618,-0.314533,0.036206,-0.005904,-0.043299
0.021739,-0.010928,-0.310204,0.033009,-0.002928,-0.042296
0.018957,-0.013303,-0.307491,0.029617,0.001162,-0.041021
0.013407,-0.016026,-0.307139,0.026150,0.005695,-0.039972
0.006807,-0.018388,-0.310330,0.022742,0.009807,-0.039544
0.001360,-0.019181,-0.317276,0.019751,0.012745,-0.039884
-0.000314,-0.017627,-0.326531,0.017783,0.014158,-0.040834
0.003701,-0.013850,-0.335409,0.017439,0.014223,-0.042004
0.013419,-0.008941,-0.340927,0.018997,0.013601,-0.042931
0.026851,-0.004434,-0.340985,0.022216,0.013251,-0.043249
0.040962,-0.001433,-0.335180,0.026363,0.014156,-0.042800
0.053580,-0.000250,-0.324903,0.030508,0.016891,-0.041641
0.064540,-0.000743,-0.312643,0.033845,0.021299,-0.039913
0.074514,-0.002678,-0.300723,0.035850,0.026558,-0.037721
0.083270,-0.005962,-0.290377,0.036195,0.031450,-0.035165
0.089553,-0.010512,-0.281577,0.034586,0.034788,-0.032379
0.092261,-0.015414,-0.273707,0.030901,0.035847,-0.029539
0.091422,-0.018826,-0.266462,0.025465,0.034531,-0.026856
0.088281,-0.019169,-0.260389,0.019191,0.031303,-0.024497
0.084821,-0.016199,-0.256883,0.013436,0.027027,-0.022534
0.082717,-0.010851,-0.257420,0.009580,0.022716,-0.020950
0.082279,-0.004110,-0.262607,0.008703,0.019326,-0.019670
0.082861,0.002899,-0.271181,0.011458,0.017613,-0.018583
0.083973,0.007916,-0.279429,0.017877,0.017947,-0.017574
0.085180,0.008802,-0.282201,0.026975,0.020103,-0.016575
0.085910,0.005571,-0.274949,0.036728,0.023334,-0.015565
0.086331,-0.000200,-0.256218,0.044886,0.026724,-0.014508
0.087413,-0.007055,-0.229325,0.049836,0.029398,-0.013371
0.089850,-0.013947,-0.200991,0.050955,0.030644,-0.012156
0.093851,-0.020090,-0.178204,0.048607,0.030108,-0.010871
0.099487,-0.025257,-0.165758,0.043833,0.027861,-0.009493
0.106457,-0.029278,-0.164891,0.038037,0.024362,-0.007942
0.113958,-0.031673,-0.173306,0.032762,0.020388,-0.006085
0.120736,-0.032606,-0.186340,0.029277,0.016844,-0.003809
0.124996,-0.033175,-0.198559,0.028130,0.014537,-0.001106
0.124941,-0.034318,-0.205361,0.029110,0.014053,0.001844
0.119840,-0.036114,-0.204071,0.031550,0.015691,0.004670
0.110995,-0.038490,-0.194496,0.034642,0.019336,0.006960
0.101694,-0.041912,-0.178510,0.037515,0.024487,0.008431
0.095615,-0.046719,-0.159228,0.039314,0.030458,0.009042
0.095139,-0.052322,-0.140624,0.039458,0.036388,0.009004
0.100750,-0.057415,-0.126392,0.037896,0.041282,0.008708
0.111365,-0.060708,-0.118159,0.035152,0.044335,0.008591
0.125279,-0.061512,-0.114938,0.032147,0.045219,0.009016
0.140740,-0.059933,-0.114053,0.029783,0.044163,0.010205
0.155858,-0.056793,-0.112460,0.028556,0.041840,0.012225
0.168686,-0.053338,-0.107931,0.028389,0.039183,0.014989
0.177544,-0.050584,-0.099669,0.028719,0.037146,0.018290
0.181215,-0.048930,-0.088206,0.028771,0.036416,0.021851
0.179028,-0.048340,-0.075037,0.027811,0.037188,0.025348
0.171284,-0.048582,-0.062451,0.025308,0.039017,0.028495
0.159125,-0.049281,-0.053231,0.020896,0.040679,0.031129
0.143733,-0.049921,-0.049700,0.014475,0.040594,0.033241
0.126282,-0.049758,-0.052985,0.006575,0.037821,0.034898
0.108436,-0.048192,-0.063106,-0.001647,0.032645,0.036164
0.092211,-0.045287,-0.078494,-0.008909,0.026373,0.037056
0.078916,-0.040739,-0.095619,-0.014240,0.020763,0.037540
0.069253,-0.033841,-0.109969,-0.016989,0.017485,0.037577
0.064493,-0.025815,-0.117177,-0.016791,0.017699,0.037142
0.064983,-0.019146,-0.114396,-0.014055,0.021597,0.036377
0.068387,-0.015019,-0.101870,-0.010220,0.028283,0.035664
0.071545,-0.013575,-0.083598,-0.007273,0.035979,0.035392
0.072655,-0.014464,-0.066177,-0.007000,0.042343,0.035782
0.071104,-0.016430,-0.055556,-0.010192,0.045108,0.036882
0.066650,-0.017717,-0.054233,-0.016298,0.042835,0.038571
0.059387,-0.016979,-0.060888,-0.023799,0.035479,0.040588
0.050195,-0.013940,-0.071955,-0.030788,0.024402,0.042617
0.041051,-0.009560,-0.083651,-0.035639,0.011892,0.044361
0.034504,-0.005298,-0.093003,-0.037597,0.000645,0.045661
0.032137,-0.002005,-0.098232,-0.036905,-0.006979,0.046613
0.032966,0.000268,-0.099197,-0.034481,-0.009699,0.047481
0.033466,0.001585,-0.097276,-0.031492,-0.007592,0.048473
0.029800,0.001530,-0.094599,-0.029073,-0.001969,0.049553
0.020110,-0.000576,-0.093402,-0.028139,0.005077,0.050425
0.005217,-0.004809,-0.095525,-0.029174,0.011347,0.050729
-0.011997,-0.010282,-0.101950,-0.032106,0.015117,0.050241
-0.028214,-0.015671,-0.112400,-0.036329,0.015591,0.048950
-0.041291,-0.019931,-0.125496,-0.040877,0.013058,0.047010
-0.050728,-0.022507,-0.139438,-0.044779,0.008697,0.044640
-0.057006,-0.023189,-0.152385,-0.047309,0.004131,0.041995
-0.060631,-0.022237,-0.162670,-0.048095,0.000797,0.039134
-0.061875,-0.020667,-0.169303,-0.047286,-0.000620,0.036133
-0.061245,-0.019872,-0.172323,-0.045576,-0.000333,0.033144
-0.059758,-0.020684,-0.172773,-0.043958,0.000833,0.030348
-0.058650,-0.022920,-0.172593,-0.043316,0.001934,0.027865
-0.058733,-0.025725,-0.174016,-0.043997,0.002380,0.025665
-0.060026,-0.028091,-0.178586,-0.045644,0.002119,0.023578
-0.061953,-0.029502,-0.186482,-0.047438,0.001458,0.021387
-0.063664,-0.030316,-0.196494,-0.048529,0.000789,0.018928
-0.064277,-0.031110,-0.206448,-0.048475,0.000378,0.016162
-,-,-,-,-,-
-0.000868,-0.000491,-0.003721,-0.000774,0.000017,0.000098
-0.004681,-0.002907,-0.021567,-0.004491,0.000054,0.000526
-0.011917,-0.008281,-0.060384,-0.012595,-0.000032,0.001327
-0.019903,-0.015608,-0.113667,-0.023762,-0.000507,0.002174
-0.025305,-0.022392,-0.168222,-0.035151,-0.001525,0.002722
-0.026228,-0.026354,-0.213924,-0.044327,-0.003075,0.002897
-0.022872,-0.026627,-0.246363,-0.049948,-0.005071,0.002863
-0.017321,-0.023849,-0.265645,-0.051760,-0.007365,0.002836
-0.011733,-0.019452,-0.274267,-0.050320,-0.009732,0.002941
-0.006890,-0.014870,-0.275318,-0.046634,-0.011956,0.003211
-0.002807,-0.011199,-0.271647,-0.041849,-0.013970,0.003656
0.000036,-0.009277,-0.265934,-0.037066,-0.015863,0.004266
0.000436,-0.009458,-0.260749,-0.033194,-0.017737,0.004982
-0.002900,-0.011209,-0.258129,-0.030826,-0.019600,0.005640
-0.010244,-0.013219,-0.259212,-0.030064,-0.021410,0.005991
-0.020023,-0.014036,-0.264521,-0.030473,-0.023220,0.005785
-0.029111,-0.012742,-0.273906,-0.031289,-0.025182,0.004937
-0.034185,-0.009197,-0.285749,-0.031647,-0.027368,0.003674
-0.033232,-0.003990,-0.297079,-0.030768,-0.029683,0.002472
-0.026865,0.001547,-0.304682,-0.028174,-0.031924,0.001823
-0.018484,0.005666,-0.306201,-0.023868,-0.033838,0.002015
-0.012619,0.006844,-0.301121,-0.018433,-0.035208,0.002998
-0.012975,0.004357,-0.290943,-0.012942,-0.035992,0.004388
-0.021100,-0.001220,-0.278459,-0.008589,-0.036333,0.005602
-0.035937,-0.008079,-0.266826,-0.006292,-0.036446,0.006052
-0.054055,-0.014009,-0.258721,-0.006416,-0.036441,0.005339
-0.070319,-0.017336,-0.255881,-0.008708,-0.036236,0.003380
-0.079593,-0.017525,-0.259120,-0.012458,-0.035663,0.000466
-0.078663,-0.015079,-0.268531,-0.016727,-0.034541,-0.002768
-0.067504,-0.010891,-0.283130,-0.020551,-0.032679,-0.005543
-0.049681,-0.005976,-0.300299,-0.023006,-0.030085,-0.007198
-0.031282,-0.001601,-0.316360,-0.023314,-0.027185,-0.007406
-0.018510,0.000988,-0.327709,-0.021121,-0.024675,-0.006300
-0.015308,0.001030,-0.331778,-0.016722,-0.023195,-0.004416
-0.022540,-0.001790,-0.328055,-0.011094,-0.023101,-0.002504
-0.038548,-0.007417,-0.318472,-0.005712,-0.024346,-0.001349
-0.059443,-0.014844,-0.306948,-0.002084,-0.026416,-0.001565
-0.079686,-0.021916,-0.298227,-0.001262,-0.028484,-0.003400
-0.093905,-0.026423,-0.296028,-0.003446,-0.029748,-0.006623
-0.098687,-0.027334,-0.301782,-0.007884,-0.029698,-0.010569
-0.093790,-0.025209,-0.314476,-0.013156,-0.028227,-0.014391
-0.082381,-0.021783,-0.331239,-0.017649,-0.025586,-0.017333
-0.069557,-0.019017,-0.348456,-0.020100,-0.022209,-0.018982
-0.060238,-0.018307,-0.362755,-0.019897,-0.018559,-0.019391
-0.057479,-0.020196,-0.371803,-0.017132,-0.015101,-0.019032
-0.061617,-0.024279,-0.374773,-0.012598,-0.012359,-0.018616
-0.070586,-0.029320,-0.372130,-0.007476,-0.010841,-0.018835
-0.081017,-0.033887,-0.365039,-0.002892,-0.010778,-0.020124
-0.089344,-0.037033,-0.355104,0.000326,-0.011898,-0.022588
-0.092488,-0.038495,-0.344576,0.001674,-0.013458,-0.025990
-0.088584,-0.038456,-0.336144,0.000932,-0.014483,-0.029794
-0.078021,-0.037145,-0.332295,-0.001753,-0.014088,-0.033344
-0.063244,-0.034693,-0.334847,-0.005792,-0.011729,-0.036072
-0.047348,-0.031202,-0.343989,-0.010174,-0.007473,-0.037616
-0.033219,-0.026781,-0.357401,-0.013597,-0.002084,-0.037863
-0.023462,-0.021958,-0.370933,-0.014845,0.003239,-0.036975
-0.020359,-0.018049,-0.380217,-0.013192,0.007182,-0.035409
-0.025047,-0.016421,-0.382361,-0.008721,0.008703,-0.033804
-0.036450,-0.017414,-0.376937,-0.002501,0.007372,-0.032824
-0.051480,-0.020307,-0.365643,0.003803,0.003450,-0.033004
-0.065812,-0.023764,-0.351634,0.008598,-0.002172,-0.034575
-0.074737,-0.026255,-0.338966,0.010786,-0.008119,-0.037366
-0.074905,-0.026546,-0.331489,0.010009,-0.012874,-0.040837
-0.065884,-0.023829,-0.331519,0.006730,-0.015136,-0.044217
-0.050379,-0.018138,-0.338968,0.002167,-0.014185,-0.046785
-0.032850,-0.010780,-0.351671,-0.001985,-0.010104,-0.048108
-0.017308,-0.003702,-0.366632,-0.004131,-0.003984,-0.048106
-0.006377,0.001512,-0.380725,-0.003256,0.002110,-0.046965
-0.001764,0.003996,-0.390861,0.000806,0.005952,-0.045076
-0.004283,0.003414,-0.394216,0.007427,0.006084,-0.043037
-0.012939,-0.000104,-0.388993,0.015425,0.002333,-0.041529
-0.024545,-0.005667,-0.375343,0.023292,-0.004097,-0.041085
-0.034876,-0.011707,-0.355457,0.029580,-0.011178,-0.041921
-0.040307,-0.016865,-0.333251,0.033257,-0.016904,-0.043854
-0.039076,-0.020562,-0.313546,0.033821,-0.019842,-0.046378
-0.031715,-0.022525,-0.300456,0.031396,-0.019313,-0.048893
-0.020080,-0.022481,-0.296252,0.026772,-0.015398,-0.050901
-0.006487,-0.020391,-0.300672,0.021284,-0.008987,-0.052085
0.006240,-0.016474,-0.310732,0.016518,-0.001568,-0.052346
0.015477,-0.011496,-0.322129,0.013790,0.005396,-0.051848
0.020175,-0.007088,-0.331318,0.013685,0.010930,-0.051000
0.021341,-0.004867,-0.336422,0.015911,0.014615,-0.050294
0.021733,-0.005166,-0.336923,0.019544,0.016498,-0.050131
0.024925,-0.006894,-0.333347,0.023539,0.017001,-0.050654
0.033541,-0.008397,-0.326889,0.027164,0.016761,-0.051651
0.048102,-0.008316,-0.318655,0.030175,0.016444,-0.052646
0.067207,-0.006298,-0.309279,0.032694,0.016580,-0.053100
0.088169,-0.003467,-0.298927,0.034911,0.017440,-0.052570
0.107517,-0.001805,-0.287469,0.036682,0.018938,-0.050841
0.121660,-0.002694,-0.274941,0.037324,0.020648,-0.047977
0.128170,-0.006037,-0.261979,0.036012,0.022033,-0.044285
0.126570,-0.010387,-0.249885,0.032379,0.022763,-0.040231
0.118220,-0.013814,-0.240810,0.026827,0.022806,-0.036316
0.105907,-0.015108,-0.237594,0.020459,0.022301,-0.032968
0.092837,-0.014250,-0.242039,0.014742,0.021404,-0.030459
0.081490,-0.011757,-0.253216,0.011187,0.020280,-0.028885
0.073436,-0.008104,-0.267416,0.010973,0.019219,-0.028175
0.069749,-0.003945,-0.279111,0.014478,0.018670,-0.028080
0.070918,-0.000374,-0.282766,0.021188,0.019074,-0.028216
0.076107,0.001246,-0.275131,0.029803,0.020588,-0.028172
0.083080,-0.000400,-0.256556,0.038450,0.022961,-0.027646
0.089594,-0.006107,-0.231073,0.045082,0.025588,-0.026567
0.094573,-0.015614,-0.205140,0.047936,0.027641,-0.025087
0.097888,-0.027264,-0.185280,0.046086,0.028398,-0.023477
0.099748,-0.038312,-0.176332,0.039786,0.027581,-0.022006
0.100640,-0.046190,-0.180596,0.030434,0.025464,-0.020827
0.101315,-0.049508,-0.197378,0.020220,0.022721,-0.019928
0.102434,-0.048082,-0.222776,0.011510,0.020214,-0.019160
0.104577,-0.042777,-0.250366,0.006281,0.018811,-0.018310
0.108353,-0.035322,-0.272897,0.005635,0.019153,-0.017166
0.113897,-0.027979,-0.283574,0.009590,0.021574,-0.015497
0.120460,-0.023150,-0.278045,0.017042,0.026142,-0.013099
0.126798,-0.022544,-0.256972,0.025816,0.032536,-0.009986
0.131889,-0.026424,-0.225773,0.033305,0.040054,-0.006406
0.135197,-0.033666,-0.192021,0.037458,0.047710,-0.002678
0.136506,-0.042374,-0.162962,0.037351,0.054354,0.000934
0.135680,-0.050537,-0.143514,0.033316,0.058955,0.004236
0.132693,-0.056533,-0.135348,0.026680,0.060885,0.007080
0.128200,-0.059497,-0.137145,0.019218,0.060044,0.009377
0.123614,-0.059423,-0.145559,0.012594,0.056791,0.011148
0.120148,-0.056985,-0.156482,0.007957,0.051835,0.012519
0.118170,-0.053195,-0.166088,0.005790,0.046123,0.013662
0.117523,-0.048974,-0.171435,0.005960,0.040678,0.014732
0.117872,-0.045052,-0.170760,0.007863,0.036432,0.015858
0.118756,-0.042200,-0.164146,0.010588,0.033980,0.017136
0.119497,-0.041176,-0.153983,0.013043,0.033239,0.018594
0.119062,-0.042239,-0.144017,0.014202,0.033372,0.020191
0.116372,-0.044866,-0.137433,0.013476,0.033199,0.021809
-,-,-,-,-,-
0.001548,-0.000938,-0.002632,-0.000049,0.000305,0.000446
0.008886,-0.005108,-0.015143,-0.000300,0.001683,0.002552
0.024691,-0.013244,-0.042032,-0.000859,0.004435,0.007007
0.046758,-0.022990,-0.078269,-0.001517,0.007856,0.012852
0.071057,-0.031578,-0.113934,-0.001842,0.011103,0.018459
0.093964,-0.037411,-0.140581,-0.001601,0.013955,0.022774
0.112234,-0.039750,-0.153607,-0.000976,0.016870,0.025568
0.124515,-0.038721,-0.152916,-0.000388,0.020593,0.027177
0.132494,-0.035108,-0.141797,-0.000271,0.025609,0.028242
0.139048,-0.029891,-0.124786,-0.000980,0.031770,0.029527
0.145176,-0.024210,-0.106394,-0.002739,0.038188,0.031655
0.149312,-0.019473,-0.090481,-0.005658,0.043617,0.034868
0.149032,-0.016891,-0.079657,-0.009716,0.047038,0.038927
0.142856,-0.016658,-0.074995,-0.014698,0.047987,0.043204
0.131412,-0.017784,-0.076135,-0.020113,0.046607,0.046971
0.117363,-0.018793,-0.081836,-0.025232,0.043493,0.049701
0.103688,-0.018642,-0.090432,-0.029335,0.039483,0.051241
0.092034,-0.017015,-0.099905,-0.031948,0.035487,0.051788
0.082577,-0.014160,-0.107998,-0.032965,0.032295,0.051714
0.074818,-0.010975,-0.112592,-0.032664,0.030385,0.051379
0.067993,-0.008496,-0.112492,-0.031684,0.029845,0.051014
0.060952,-0.007022,-0.107844,-0.030861,0.030472,0.050651
0.052688,-0.006469,-0.099882,-0.030932,0.031925,0.050145
0.043323,-0.006946,-0.090824,-0.032334,0.033749,0.049288
0.034155,-0.008499,-0.083645,-0.035252,0.035417,0.047937
0.026945,-0.010555,-0.081008,-0.039608,0.036451,0.046103
0.023164,-0.011644,-0.084065,-0.044961,0.036513,0.043965
0.023139,-0.010411,-0.092161,-0.050530,0.035453,0.041825
0.025680,-0.006979,-0.103523,-0.055406,0.033302,0.040003
0.028800,-0.002589,-0.116014,-0.058901,0.030308,0.038694
0.030813,0.001701,-0.127528,-0.060741,0.026915,0.037898
0.030834,0.005390,-0.136381,-0.061053,0.023608,0.037478
0.028647,0.008291,-0.141599,-0.060228,0.020753,0.037264
0.024413,0.010335,-0.143257,-0.058778,0.018487,0.037120
0.018205,0.011283,-0.142753,-0.057268,0.016596,0.036953
0.009809,0.010741,-0.142424,-0.056248,0.014582,0.036690
-0.000640,0.008583,-0.144548,-0.056136,0.011957,0.036229
-0.012185,0.005320,-0.150659,-0.057101,0.008447,0.035453
-0.023042,0.002058,-0.161314,-0.058904,0.004020,0.034298
-0.030934,-0.000077,-0.175861,-0.060843,-0.001150,0.032824
-0.034422,-0.000619,-0.192178,-0.062024,-0.006743,0.031203
-0.034010,0.000030,-0.207204,-0.061746,-0.012301,0.029643
-0.031649,0.000810,-0.218471,-0.059825,-0.017250,0.028274
-0.029491,0.000439,-0.225196,-0.056678,-0.021024,0.027084
-0.028896,-0.001833,-0.228145,-0.053084,-0.023269,0.025926
-0.030050,-0.005738,-0.228914,-0.049841,-0.023945,0.024568
-0.031924,-0.010372,-0.229271,-0.047513,-0.023299,0.022817
-0.032622,-0.014806,-0.230775,-0.046353,-0.021811,0.020629
-0.030764,-0.018368,-0.234465,-0.046325,-0.020099,0.018141
-0.026730,-0.020754,-0.240730,-0.047148,-0.018716,0.015607
-0.022090,-0.021986,-0.249521,-0.048386,-0.017956,0.013239
-0.018119,-0.022103,-0.260380,-0.049555,-0.017852,0.011132
-0.015181,-0.020979,-0.272303,-0.050164,-0.018331,0.009324
-0.013206,-0.018654,-0.283787,-0.049762,-0.019307,0.007833
-0.012226,-0.015704,-0.293046,-0.048000,-0.020693,0.006651
-0.012642,-0.013050,-0.298416,-0.044766,-0.022372,0.005724
-0.015156,-0.011551,-0.298839,-0.040293,-0.024176,0.004926
-0.020134,-0.011680,-0.294474,-0.035191,-0.025861,0.004056
-0.027042,-0.013375,-0.286927,-0.030352,-0.027126,0.002857
-0.034040,-0.015916,-0.278576,-0.026654,-0.027639,0.001122
-0.038050,-0.017988,-0.271579,-0.024623,-0.027153,-0.001192
-0.036365,-0.018359,-0.267222,-0.024245,-0.025705,-0.003866
-0.028435,-0.016641,-0.265723,-0.024993,-0.023682,-0.006434
-0.016303,-0.013356,-0.266317,-0.026097,-0.021611,-0.008412
-0.003869,-0.009449,-0.267653,-0.026858,-0.019905,-0.009558
0.004793,-0.005805,-0.268380,-0.026870,-0.018741,-0.009951
0.007101,-0.002999,-0.267715,-0.026121,-0.018098,-0.009904
0.002623,-0.001230,-0.265860,-0.024951,-0.017860,-0.009823
-0.007131,-0.000415,-0.264247,-0.023903,-0.017882,-0.010079
-0.019520,-0.000326,-0.265247,-0.023533,-0.018003,-0.010945
-0.031106,-0.000483,-0.270865,-0.024120,-0.017931,-0.012571
-0.037630,0.000094,-0.281346,-0.025465,-0.017234,-0.014942
-0.035593,0.002433,-0.294775,-0.026901,-0.015633,-0.017778
-0.024536,0.006676,-0.307922,-0.027556,-0.013268,-0.020512
-0.007712,0.011820,-0.317896,-0.026816,-0.010618,-0.022521
0.009411,0.016446,-0.323235,-0.024610,-0.008287,-0.023387
0.021914,0.019761,-0.323812,-0.021318,-0.006846,-0.023033
0.027077,0.021822,-0.320264,-0.017514,-0.006712,-0.021768
0.024260,0.022857,-0.313632,-0.013723,-0.008033,-0.020159
0.014606,0.022767,-0.305470,-0.010378,-0.010587,-0.018850
0.000856,0.021311,-0.297832,-0.007898,-0.013791,-0.018425
-0.013134,0.018830,-0.292583,-0.006619,-0.016877,-0.019250
-0.023113,0.016602,-0.290738,-0.006642,-0.019096,-0.021375
-0.025542,0.016116,-0.292378,-0.007722,-0.019915,-0.024467
-0.018887,0.018225,-0.296837,-0.009298,-0.019165,-0.027864
-0.004544,0.022820,-0.302901,-0.010649,-0.017130,-0.030802
0.013561,0.028827,-0.309034,-0.011079,-0.014516,-0.032666
0.030780,0.034585,-0.313645,-0.010069,-0.012285,-0.033185
0.043121,0.038380,-0.315246,-0.007337,-0.011482,-0.032470
0.047834,0.038934,-0.312819,-0.002949,-0.012876,-0.030933
0.044416,0.035982,-0.306547,0.002427,-0.016412,-0.029200
0.035184,0.030475,-0.297972,0.007636,-0.021150,-0.027918
0.024112,0.024178,-0.289301,0.011507,-0.025731,-0.027503
0.014993,0.018955,-0.282636,0.013248,-0.028869,-0.028023
0.010316,0.015958,-0.279431,0.012687,-0.029722,-0.029234
0.010972,0.015294,-0.280172,0.010293,-0.028100,-0.030703
0.016246,0.016208,-0.284439,0.006928,-0.024479,-0.031956
0.024126,0.017330,-0.291330,0.003525,-0.019810,-0.032605
0.031861,0.017236,-0.299904,0.000824,-0.015237,-0.032463
0.036524,0.015246,-0.309340,-0.000734,-0.011853,-0.031606
0.035849,0.011676,-0.319050,-0.001037,-0.010439,-0.030316
0.028751,0.007367,-0.329145,-0.000302,-0.011227,-0.029013
0.015699,0.003181,-0.340430,0.000971,-0.013733,-0.028153
-0.000558,0.000032,-0.353228,0.002232,-0.016796,-0.028087
-0.015544,-0.001104,-0.366480,0.003212,-0.019039,-0.028926
-0.024984,0.000114,-0.377995,0.004072,-0.019423,-0.030498
-0.026365,0.002874,-0.385457,0.005263,-0.017525,-0.032405
-0.019889,0.005487,-0.387671,0.007124,-0.013594,-0.034160
-0.008337,0.006101,-0.385091,0.009590,-0.008455,-0.035358
0.004397,0.003764,-0.379553,0.012214,-0.003284,-0.035801
0.014750,-0.000954,-0.373537,0.014397,0.000693,-0.035511
0.020273,-0.006268,-0.368925,0.015768,0.002607,-0.034680
0.020037,-0.010037,-0.366157,0.016444,0.002215,-0.033625
0.014930,-0.010986,-0.364376,0.016894,-0.000059,-0.032705
0.007326,-0.009394,-0.362035,0.017594,-0.003206,-0.032245
0.000006,-0.006631,-0.357857,0.018720,-0.005971,-0.032427
-0.004899,-0.004180,-0.351637,0.020065,-0.007324,-0.033208
-0.006429,-0.002936,-0.344205,0.021221,-0.006784,-0.034357
-0.004891,-0.003187,-0.337135,0.021781,-0.004479,-0.035567
-0.001560,-0.004800,-0.332222,0.021437,-0.000999,-0.036564
0.001919,-0.006987,-0.330401,0.020150,0.002887,-0.037212
0.004271,-0.008365,-0.331243,0.018278,0.006493,-0.037531
0.005199,-0.007899,-0.333508,0.016461,0.009344,-0.037642
0.005306,-0.005555,-0.335769,0.015357,0.011181,-0.037675
0.005349,-0.002037,-0.336812,0.015363,0.011982,-0.037721
0.005823,0.001606,-0.336017,0.016490,0.011939,-0.037820
0.007183,0.004382,-0.333693,0.018394,0.011347,-0.037987
0.010257,0.005919,-0.331075,0.020538,0.010441,-0.038213
-,-,-,-,-,-
0.001012,0.000238,-0.006104,0.000449,0.000087,-0.000668
